nCameras=50;
nCrossings=100;
prices=[18 34 28 42 10 41 29 8 48 41 15 34 33 26 21 37 42 31 17 34 25 42 12 8 5 49 3 2 22 2 2 3 45 46 42 26 21 31 20 19 3 45 29 4 5 10 25 35 39 8];
ranges=[44 36 35 2 38 19 20 21 32 37 7 1 17 22 17 12 22 6 12 38 35 31 48 43 5 44 40 18 6 49 32 42 21 3 23 10 20 15 35 25 6 20 5 42 34 20 39 39 40 26];
autonomies=[6 2 3 3 6 5 2 2 6 3 6 3 5 6 3 3 4 4 2 2 6 3 6 4 3 3 2 5 3 3 4 2 3 4 2 3 6 2 5 2 3 2 3 6 2 5 3 5 4 6];
consumptions=[25 27 13 35 14 34 4 26 45 15 44 46 17 45 2 17 7 38 30 43 33 7 31 9 42 48 18 4 42 8 29 9 38 44 8 50 8 49 24 23 47 15 8 30 14 15 5 4 12 17];
minRanges=[
	[0 29 41 47 43 33 25 42 29 42 32 5 40 27 43 32 9 29 10 41 20 47 22 35 36 50 17 15 40 30 17 23 13 3 7 44 48 16 50 46 5 21 43 24 15 11 42 44 40 47 40 5 32 37 50 47 28 19 32 41 20 3 3 41 13 44 49 32 22 18 27 24 38 9 33 21 2 46 23 7 1 33 26 47 49 40 25 35 25 33 39 48 1 30 11 10 15 15 14 16]
	[19 0 39 15 44 17 26 33 41 26 30 20 3 41 25 14 50 46 27 12 37 22 13 6 7 33 42 19 21 12 42 7 34 19 32 34 21 17 5 19 34 40 26 34 49 14 5 10 48 47 31 4 49 28 5 19 39 4 14 26 35 1 35 28 5 29 8 42 28 20 34 41 18 8 47 4 33 4 13 35 33 35 32 41 8 3 11 23 34 11 8 14 10 38 32 16 16 3 20 30]
	[49 19 0 45 47 43 33 20 6 11 10 32 47 29 39 6 49 44 3 14 33 21 3 17 6 32 22 8 20 37 29 46 43 44 24 15 7 41 12 49 42 6 32 39 18 47 33 34 50 45 18 34 24 11 46 44 22 41 37 35 21 14 12 43 26 32 48 47 30 7 25 18 1 18 19 39 26 14 27 17 29 14 44 32 45 18 1 18 8 18 1 43 16 35 16 34 33 17 1 44]
	[35 42 12 0 50 25 4 24 14 14 2 9 49 25 19 19 37 45 14 24 49 6 5 1 44 17 14 7 20 9 6 29 43 49 35 9 25 22 36 1 2 2 50 22 33 31 13 42 37 7 20 34 14 46 45 5 23 30 49 36 45 21 27 1 33 14 28 4 26 43 34 1 5 34 24 18 38 38 30 11 5 34 50 13 24 1 30 38 7 21 2 16 25 38 26 27 37 5 21 10]
	[34 28 5 10 0 15 9 44 50 46 38 14 9 45 7 11 39 25 17 4 35 3 32 9 45 28 1 5 7 3 7 42 17 39 44 34 16 48 24 41 9 22 8 49 6 38 34 2 16 5 5 22 8 27 9 47 23 48 26 39 31 4 15 19 14 39 4 34 32 34 10 12 40 21 47 42 18 29 20 32 21 29 50 28 39 49 22 47 48 31 15 45 8 50 32 21 15 3 1 17]
	[18 46 34 13 6 0 2 41 18 29 5 42 12 38 34 34 46 6 48 49 49 12 9 29 46 49 48 37 14 25 47 28 30 45 35 17 7 2 45 18 45 16 7 15 29 37 30 24 40 15 31 17 14 43 30 6 25 2 20 22 32 25 32 2 38 34 3 47 23 45 38 37 41 25 5 18 38 16 36 43 9 8 17 19 7 20 29 18 41 42 28 25 41 34 13 35 17 8 16 24]
	[38 22 18 10 29 21 0 49 18 43 9 39 19 2 12 40 2 7 38 45 5 47 46 36 4 37 11 25 42 19 30 40 38 36 25 4 14 9 6 46 48 39 47 28 24 11 27 15 33 24 9 4 24 42 46 34 13 8 7 25 37 3 24 30 11 22 34 24 14 48 7 16 17 8 39 23 18 50 48 25 5 33 43 40 15 17 17 10 24 37 6 18 28 50 24 18 7 42 46 25]
	[42 26 27 26 24 18 39 0 46 36 6 30 46 28 18 18 11 25 21 13 4 20 33 35 22 28 46 30 29 37 36 26 48 50 21 40 49 6 14 31 21 19 49 42 34 7 1 25 49 50 49 11 34 37 20 30 17 15 42 41 14 31 11 34 39 47 22 36 6 46 19 36 32 8 21 22 42 31 11 10 16 28 34 46 13 16 30 5 35 27 33 17 16 47 28 27 40 39 47 18]
	[37 34 12 41 30 16 36 14 0 18 16 14 48 43 24 43 9 21 34 49 1 31 48 17 31 47 24 18 38 4 50 7 9 20 29 48 48 50 22 50 6 31 36 35 45 46 30 48 34 19 4 46 14 18 47 37 47 14 17 12 23 2 24 37 17 6 13 28 13 22 13 33 35 14 43 28 6 9 12 4 7 10 4 5 32 23 6 45 47 6 23 43 36 47 29 27 14 28 11 15]
	[8 30 42 46 32 35 6 45 40 0 36 16 9 40 30 6 32 12 14 45 36 32 14 41 7 42 3 28 43 35 39 37 1 9 25 39 36 11 39 40 11 5 16 50 38 34 9 45 4 1 34 2 10 23 42 4 49 11 31 30 9 17 39 39 18 16 3 46 36 18 9 35 6 3 41 23 16 14 39 25 5 34 16 42 34 8 7 27 15 34 6 47 25 44 15 42 19 48 39 17]
	[17 43 29 46 18 42 44 19 24 36 0 46 31 47 22 34 22 8 24 19 14 9 32 41 24 18 41 30 46 24 12 47 39 2 30 2 18 16 20 47 45 19 3 23 2 30 44 38 15 36 23 44 3 3 28 10 13 28 40 32 38 7 34 29 23 19 32 15 1 8 29 31 30 21 30 6 31 22 21 38 43 18 8 32 4 27 5 44 24 39 21 31 45 29 38 27 46 39 44 49]
	[42 25 12 38 26 12 17 44 11 32 39 0 42 17 18 28 31 47 32 41 40 39 41 47 3 36 29 20 43 43 40 34 16 3 17 21 8 11 29 41 19 48 25 19 4 12 37 46 38 46 30 24 44 45 19 26 22 28 21 21 19 17 38 6 45 13 13 7 26 38 38 47 22 26 34 14 40 13 35 22 19 44 5 30 20 16 9 32 32 26 25 30 13 1 9 48 21 26 38 27]
	[27 25 4 12 14 16 47 33 2 32 43 39 0 11 22 45 41 2 9 27 11 29 27 37 32 47 41 10 8 40 12 45 47 3 19 35 13 45 49 44 10 26 30 4 7 46 14 17 9 46 21 2 33 27 23 45 38 7 36 10 26 41 26 22 21 3 11 47 31 41 38 26 35 35 35 4 26 8 24 30 18 20 6 10 43 17 27 26 7 5 37 44 36 3 11 42 5 6 25 38]
	[6 49 8 5 32 13 48 5 11 47 27 16 48 0 12 7 24 46 45 45 46 28 12 24 10 8 18 37 39 41 19 43 36 23 41 27 8 8 47 7 46 2 10 12 8 44 50 13 26 14 8 46 28 37 37 29 23 15 1 34 50 50 40 2 18 11 30 47 47 41 4 39 15 49 37 50 48 35 7 18 49 13 31 24 2 47 13 21 39 11 4 45 28 40 33 14 8 2 14 30]
	[5 43 18 35 38 15 5 8 35 5 29 28 31 45 0 7 13 20 48 29 34 9 15 15 24 1 11 50 20 25 38 13 43 28 40 39 39 26 38 5 15 14 35 17 36 30 10 28 41 11 38 45 25 26 17 44 42 39 24 23 25 5 2 36 6 46 1 33 3 41 10 38 15 26 28 36 28 20 38 36 18 31 36 27 42 50 7 25 16 14 7 7 39 30 13 46 36 41 23 5]
	[30 1 39 43 12 19 41 27 27 44 30 4 28 47 23 0 47 30 26 21 49 15 13 39 37 42 5 13 3 7 24 8 5 21 12 23 11 21 5 18 21 3 43 32 40 22 29 29 20 18 25 2 9 33 9 43 25 17 45 47 10 17 43 36 44 45 11 31 15 18 15 13 49 18 27 19 35 18 22 32 43 4 20 39 46 26 23 6 45 19 10 40 1 1 9 43 36 28 36 1]
	[10 7 34 16 23 37 11 17 34 8 35 42 40 18 49 12 0 10 15 48 43 10 41 16 16 20 37 18 7 7 15 31 19 45 10 43 23 25 43 17 49 8 49 22 22 27 3 6 9 27 16 5 1 22 40 23 47 46 1 34 28 31 28 19 9 23 15 20 12 46 32 12 20 19 35 31 38 25 24 36 36 15 2 24 47 14 6 9 38 50 15 38 14 10 10 2 32 43 9 20]
	[24 44 32 31 48 16 9 20 34 27 29 36 24 43 30 6 44 0 16 22 45 7 10 47 16 41 28 21 29 43 49 49 4 29 47 11 44 35 33 43 16 1 35 43 45 43 12 23 20 11 25 9 4 22 34 32 16 39 4 36 24 31 15 25 14 34 33 50 27 34 23 37 49 16 4 4 17 44 46 33 49 44 46 46 9 32 32 39 18 42 22 50 49 17 9 21 46 17 13 35]
	[42 32 28 20 4 8 32 36 23 41 31 45 18 33 14 19 45 37 0 36 44 7 46 32 39 39 21 42 48 43 19 15 31 17 18 33 19 22 25 47 17 20 26 48 15 50 8 35 19 26 10 7 20 19 38 46 28 23 13 19 6 22 48 43 18 3 10 10 15 41 38 36 35 14 29 42 27 32 29 45 14 45 10 13 50 27 37 11 30 2 39 23 44 36 29 19 29 44 17 12]
	[48 41 28 45 4 26 34 41 11 5 26 38 45 12 38 33 43 30 10 0 26 36 32 40 43 43 25 11 26 26 30 4 30 18 48 7 1 9 41 33 33 3 2 40 34 13 27 3 13 38 19 40 45 23 5 21 32 30 41 15 6 20 14 45 6 22 13 26 49 24 24 21 3 41 31 14 42 44 8 38 35 39 35 50 50 23 15 9 19 33 9 22 48 42 28 37 31 3 2 20]
	[48 13 15 47 15 9 29 1 42 39 49 24 13 47 25 41 6 18 23 16 0 15 29 16 3 14 6 17 47 46 27 2 35 38 31 37 48 35 7 21 25 16 50 44 36 45 33 23 9 25 46 49 28 16 22 17 43 31 48 15 30 4 25 26 11 36 20 27 13 27 15 14 12 6 35 9 6 44 10 18 27 28 24 44 2 41 28 26 44 26 20 36 25 43 28 34 6 45 39 46]
	[20 31 24 25 17 45 32 13 28 39 25 12 14 37 2 32 2 22 26 13 8 0 7 38 8 27 5 25 14 8 27 35 25 6 9 15 31 6 50 14 2 49 30 21 23 43 37 30 23 10 3 48 21 32 46 35 5 41 46 39 27 19 33 2 11 21 17 39 6 27 9 17 37 2 44 28 2 5 23 17 37 21 24 43 44 6 45 23 5 47 10 19 41 4 43 31 32 28 16 11]
	[37 32 24 8 46 23 33 7 23 10 50 47 37 45 20 29 37 23 35 16 21 12 0 5 22 25 19 35 34 7 38 31 20 41 45 22 44 23 14 34 6 34 21 29 50 7 4 16 11 37 12 7 32 41 47 16 50 14 39 24 2 2 27 34 32 2 21 40 27 17 41 41 28 39 42 39 30 40 20 42 1 36 27 29 32 25 36 26 41 19 6 44 50 23 26 2 4 16 17 41]
	[20 33 42 39 37 25 26 14 1 19 4 41 50 18 28 16 15 32 31 3 22 32 6 0 30 7 20 12 42 24 20 6 24 49 19 48 16 27 5 22 47 32 9 23 16 19 28 13 43 19 2 29 15 50 41 42 16 17 37 31 2 10 8 47 15 3 24 23 23 3 14 39 24 28 37 43 34 9 38 31 50 15 2 14 2 2 7 19 40 23 6 27 36 12 22 46 25 27 35 34]
	[36 33 27 43 4 45 20 3 5 21 28 11 4 24 24 1 40 17 15 46 14 1 31 11 0 38 4 34 40 46 3 5 19 3 6 41 50 32 3 45 14 34 6 16 11 2 35 37 7 17 5 10 16 12 23 25 20 20 45 38 8 33 7 28 10 13 30 40 1 26 29 11 6 39 41 48 15 4 44 27 8 28 16 24 38 49 42 32 36 48 24 13 12 10 47 4 11 10 19 30]
	[25 42 26 5 13 13 19 27 17 22 16 26 9 10 47 3 21 6 48 9 20 33 13 37 50 0 2 23 42 1 16 35 31 1 48 27 23 26 49 24 31 16 44 12 42 17 31 29 24 17 13 27 19 22 40 29 1 33 44 28 30 24 19 37 30 23 23 14 13 39 2 19 28 25 14 23 46 11 49 44 20 18 9 9 29 6 50 41 28 10 14 26 40 37 5 32 26 43 19 25]
	[45 31 31 48 12 2 45 36 22 11 43 28 47 19 29 30 6 21 37 26 31 36 23 34 2 37 0 11 35 5 10 26 7 13 44 29 25 46 42 18 2 26 25 50 4 9 19 29 25 26 2 16 40 27 34 14 16 44 4 36 50 49 16 25 50 44 25 17 31 21 29 35 23 43 12 49 38 45 32 37 22 4 39 15 28 15 47 2 32 12 46 48 30 31 16 2 37 14 32 45]
	[49 18 10 48 42 1 3 17 43 42 26 36 31 20 39 20 28 2 40 3 47 32 23 39 32 12 40 0 4 34 24 25 37 16 20 45 45 2 29 45 23 17 32 44 28 11 25 8 31 1 18 4 18 1 18 5 30 26 10 20 47 23 45 41 6 2 9 34 48 4 2 46 41 21 18 24 38 20 43 33 27 4 49 27 33 42 10 12 9 20 17 24 45 20 37 13 45 25 13 44]
	[45 21 48 38 25 30 10 24 49 40 47 23 10 14 22 47 14 19 28 4 13 23 27 6 28 24 49 47 0 49 10 1 22 19 33 31 31 27 1 25 44 13 24 2 38 33 28 10 26 2 36 1 46 48 28 36 16 6 3 34 22 50 9 22 44 23 33 45 17 24 19 38 42 5 33 12 40 12 38 44 14 41 4 20 25 38 8 3 26 35 48 19 6 21 46 39 5 14 5 9]
	[20 38 14 22 3 25 24 43 9 37 33 7 50 9 14 41 12 35 3 26 1 31 26 49 37 16 6 28 47 0 2 4 12 23 15 14 48 31 19 46 18 33 23 40 42 31 16 37 28 42 35 1 36 34 49 14 46 21 36 20 7 9 35 41 11 49 49 9 35 30 5 5 26 15 36 3 18 4 27 24 6 40 10 50 31 6 23 34 1 18 27 29 34 3 22 37 36 2 7 44]
	[7 44 2 29 30 45 12 18 23 20 47 3 24 38 20 15 36 26 45 32 29 32 39 13 6 34 41 1 26 28 0 7 31 14 35 7 6 5 23 15 41 2 21 12 30 32 26 8 44 10 12 18 7 14 35 50 29 29 24 16 38 22 5 15 45 26 45 11 16 43 39 40 50 16 27 4 11 14 5 17 50 3 12 28 26 14 19 21 36 2 19 1 1 24 42 39 3 8 40 36]
	[22 36 30 22 32 27 36 35 44 11 22 28 33 42 3 34 28 44 30 6 10 4 14 48 25 46 34 49 12 8 23 0 24 3 9 6 4 11 24 25 8 29 16 37 42 27 11 43 12 25 43 38 32 41 30 23 34 45 10 43 47 14 19 46 33 32 24 12 45 10 44 38 3 47 26 2 3 2 23 13 15 1 44 45 38 16 43 27 18 5 37 31 24 20 32 50 33 29 30 4]
	[19 27 22 5 38 13 35 1 18 28 30 33 39 43 6 17 40 47 6 13 24 18 11 26 39 18 1 15 30 48 19 8 0 28 23 31 34 3 27 37 38 41 3 17 9 11 21 43 39 1 36 8 32 14 17 5 11 36 44 41 24 30 25 17 22 27 26 22 43 25 49 44 11 32 1 4 15 38 40 29 34 49 9 10 38 28 37 30 1 48 14 4 20 9 43 7 15 20 35 11]
	[19 23 21 32 43 29 45 15 2 35 22 15 4 22 32 14 41 33 11 33 7 43 27 19 43 45 20 37 39 34 30 48 39 0 23 47 17 24 18 2 44 28 23 10 3 6 21 30 12 20 39 5 11 25 38 3 26 39 49 6 8 17 6 8 20 47 31 26 2 48 8 31 2 45 16 6 21 19 20 40 46 32 11 44 23 36 22 49 3 2 10 23 50 39 40 7 46 3 36 13]
	[10 21 21 31 30 45 28 19 6 20 42 2 27 15 18 29 2 18 11 36 2 15 10 8 5 29 4 35 43 31 33 17 36 41 0 4 27 32 35 13 36 29 18 47 49 15 36 39 32 45 34 29 44 28 22 30 1 14 49 42 6 20 20 23 42 2 31 28 36 25 30 35 8 47 10 49 48 16 25 1 43 33 29 21 16 41 23 28 4 46 29 18 12 5 48 10 31 21 49 36]
	[2 30 40 25 36 19 1 2 27 40 8 44 22 3 43 29 47 9 2 22 49 23 20 14 38 39 4 6 42 48 27 43 15 2 2 0 37 27 42 14 22 10 2 23 20 36 18 47 30 2 32 3 34 33 45 47 9 39 11 12 49 20 20 35 38 41 49 15 43 10 18 25 19 50 6 21 40 18 48 3 29 27 7 47 30 18 9 1 37 50 19 34 44 3 11 30 37 27 23 43]
	[4 31 4 39 11 22 39 4 11 34 48 23 36 32 8 4 41 45 35 49 42 33 41 42 47 15 14 26 30 13 46 3 11 16 35 46 0 21 24 11 50 6 29 31 38 41 15 42 5 50 17 28 35 49 15 36 47 35 38 10 10 40 45 48 44 33 43 13 50 34 18 36 11 9 45 16 23 8 47 24 22 26 32 8 7 29 48 7 48 31 40 16 47 40 8 3 34 4 49 49]
	[20 39 13 37 29 41 31 29 40 38 29 2 27 20 21 13 8 43 26 3 33 36 29 17 4 27 9 41 33 10 39 34 48 10 10 25 38 0 21 44 15 36 32 14 7 6 13 35 39 4 46 42 15 13 43 15 27 8 22 3 35 9 5 49 44 11 28 24 2 26 18 39 8 1 29 25 46 5 19 27 13 37 1 7 18 45 44 6 48 25 48 7 37 13 29 24 1 49 9 19]
	[25 23 44 22 14 8 7 46 29 32 10 3 9 35 9 22 37 29 3 16 36 28 13 48 13 30 40 17 27 30 42 30 39 45 37 16 3 35 0 5 19 24 32 1 15 24 15 8 43 24 26 26 49 6 34 24 24 15 49 13 34 1 27 14 14 44 25 17 7 2 21 22 43 3 32 6 50 40 6 9 2 42 50 17 32 27 20 15 45 22 9 21 30 22 31 29 7 24 37 40]
	[33 35 46 25 8 17 40 26 48 6 8 15 37 5 18 28 23 44 30 38 38 5 10 49 38 12 6 34 42 13 43 33 18 34 34 40 39 15 26 0 13 43 5 48 22 49 2 44 27 21 24 45 38 7 18 31 13 41 12 8 47 37 44 21 18 40 18 11 46 35 49 3 41 32 33 38 11 32 4 24 22 29 20 14 45 4 37 8 6 26 19 7 15 37 43 20 15 14 47 47]
	[30 16 32 14 44 35 9 30 19 4 38 24 2 46 16 12 8 40 43 29 38 26 8 8 26 12 43 11 2 7 34 42 31 14 17 37 21 44 40 7 0 21 19 12 9 29 38 4 23 26 40 24 40 9 19 12 41 19 30 2 4 19 13 1 31 17 4 21 14 27 40 7 2 4 16 42 31 26 27 40 22 6 12 11 5 9 6 22 17 7 38 5 49 47 35 28 7 29 16 8]
	[42 34 29 17 43 27 17 37 38 33 20 9 33 10 50 3 24 12 34 40 45 15 40 38 20 24 45 45 34 17 7 30 12 26 49 5 31 9 13 19 28 0 38 18 49 46 34 33 33 49 8 36 39 27 36 32 5 31 11 7 2 2 3 3 35 32 9 17 50 39 4 5 28 18 12 37 9 37 39 41 2 36 47 35 21 17 50 37 9 32 3 40 16 37 8 2 29 24 30 4]
	[4 27 48 45 20 30 26 39 27 44 18 8 6 7 8 40 40 17 11 22 27 15 39 36 14 27 8 22 6 2 16 12 34 42 3 18 21 35 25 2 27 39 0 6 32 4 36 26 9 14 10 14 22 1 5 9 25 45 41 8 18 21 35 34 24 35 4 19 23 31 9 20 30 47 47 33 22 38 27 33 8 19 12 46 49 6 35 30 17 41 6 49 2 24 34 44 28 37 18 28]
	[31 25 31 46 24 38 16 20 10 16 42 31 34 41 23 7 24 13 4 34 47 15 22 19 6 46 16 25 11 29 49 19 31 34 18 40 25 5 22 49 28 48 14 0 30 8 9 45 12 22 38 42 46 11 4 15 33 11 25 33 27 36 23 32 40 39 48 25 19 41 48 33 50 45 8 22 42 28 9 28 31 42 48 2 19 32 9 24 42 45 34 39 5 5 10 19 5 37 47 10]
	[3 39 6 29 36 33 1 7 33 49 17 2 1 45 27 26 18 42 1 35 32 29 32 6 5 35 47 49 15 6 37 47 21 11 20 50 46 26 19 8 18 14 47 40 0 9 12 9 25 32 31 29 44 42 20 28 43 13 5 10 2 1 40 20 49 15 41 2 26 24 30 36 37 11 45 34 29 38 29 24 10 25 27 11 27 17 8 20 30 31 42 31 4 40 41 23 28 13 6 29]
	[35 39 2 45 31 22 24 15 17 6 18 6 4 48 26 9 6 33 15 37 29 50 14 23 38 5 22 14 24 2 49 44 4 22 1 47 49 26 19 8 17 29 33 41 25 0 14 34 21 30 1 30 9 22 33 50 19 12 30 35 40 31 12 41 21 2 3 31 3 31 36 44 2 49 4 39 40 16 28 18 30 19 41 21 29 12 39 40 35 30 49 2 2 36 45 44 42 31 27 47]
	[32 37 3 41 12 41 42 39 31 7 27 6 25 31 34 50 26 6 25 46 44 7 4 5 25 46 41 44 6 6 7 28 22 20 23 32 28 40 12 48 17 36 36 16 36 19 0 3 32 35 16 31 15 33 36 20 11 8 6 49 45 14 30 30 46 43 25 47 6 15 46 48 9 15 8 25 2 39 43 27 50 16 6 20 47 17 8 10 34 35 11 7 28 1 29 14 29 45 11 29]
	[19 15 14 5 34 4 3 43 17 10 32 33 43 28 2 39 25 12 19 46 50 37 42 15 45 30 12 40 50 28 21 7 5 8 31 3 31 45 41 34 14 39 32 8 46 40 1 0 9 3 31 1 21 20 36 10 11 43 16 28 7 15 12 36 18 48 46 16 8 16 48 3 31 10 21 50 19 31 32 8 21 7 50 17 26 45 7 22 26 22 47 48 7 33 21 18 6 37 14 24]
	[16 44 27 27 22 23 7 28 45 45 4 42 6 22 49 22 39 3 4 12 12 46 29 31 9 35 30 28 31 14 5 45 44 15 48 27 15 21 45 46 45 10 46 24 9 16 22 24 0 34 27 32 13 14 14 2 32 14 9 7 43 46 39 43 21 16 9 6 13 9 2 43 42 48 29 9 10 28 25 34 19 16 26 15 1 35 27 16 29 12 34 24 33 18 21 16 39 23 12 9]
	[45 27 28 27 17 20 19 15 39 25 50 21 31 6 44 2 38 9 7 49 42 30 36 28 31 8 46 1 18 25 14 43 46 3 2 2 17 21 37 34 7 45 34 48 19 4 45 3 28 0 26 38 2 35 33 48 45 13 40 14 15 45 17 29 46 22 32 8 24 22 20 48 5 44 10 38 22 20 18 9 38 31 2 19 4 11 35 11 24 16 30 46 30 34 46 32 27 22 50 35]
	[34 24 10 9 22 34 15 30 12 47 45 6 50 41 35 21 12 50 32 4 41 27 2 26 44 16 9 18 13 20 18 33 15 33 50 39 33 15 21 28 41 9 46 3 44 7 33 30 27 32 0 5 20 25 28 21 33 24 18 34 4 35 17 22 4 21 26 41 23 11 30 24 3 38 20 24 40 40 49 5 2 44 28 22 31 34 10 37 26 43 35 38 47 36 39 47 25 47 12 33]
	[22 14 32 40 8 26 46 34 47 8 4 17 23 4 8 32 23 32 15 9 31 31 16 5 23 5 11 7 46 20 32 42 5 21 14 26 31 20 42 23 28 35 9 16 11 19 7 49 30 4 47 0 20 27 47 50 40 19 49 50 44 13 30 16 48 35 26 19 25 4 20 15 14 48 41 39 9 22 33 24 4 34 4 33 11 35 21 31 36 43 34 13 28 44 16 47 38 35 43 34]
	[40 21 23 16 34 2 46 21 13 45 33 37 44 4 26 30 5 41 4 3 21 35 44 12 50 3 31 18 19 7 4 14 41 49 12 13 31 21 32 49 17 13 28 22 4 3 2 32 32 21 36 36 0 9 45 29 13 50 22 24 13 8 23 40 45 41 50 7 8 19 41 9 42 36 15 20 5 50 26 39 24 5 29 17 32 11 33 25 38 49 34 12 32 22 38 29 7 17 7 13]
	[30 15 10 49 12 15 48 29 47 46 38 25 45 15 15 44 38 7 37 5 43 25 4 33 33 2 15 32 40 24 15 36 34 39 44 6 15 50 6 30 1 18 46 35 48 22 17 41 2 21 32 20 19 0 16 23 24 29 27 38 5 24 2 40 4 3 13 44 23 32 23 31 13 49 44 3 39 32 12 27 17 18 31 17 23 45 13 29 16 13 34 34 30 17 26 9 49 38 15 27]
	[19 35 8 10 33 36 34 15 13 4 1 48 47 13 25 50 18 7 29 3 33 25 1 7 6 48 32 29 7 17 37 12 49 42 27 7 38 24 27 45 30 10 17 9 10 3 14 9 48 19 41 29 41 46 0 18 15 14 7 39 50 38 20 13 33 15 14 30 19 35 40 14 44 7 20 39 19 14 50 30 49 2 17 27 38 40 9 26 4 33 40 41 40 1 22 34 50 50 24 36]
	[33 13 23 42 22 3 20 23 7 11 44 5 31 25 10 49 27 28 19 11 5 2 39 24 36 45 31 17 12 32 35 17 23 26 14 22 30 24 46 50 7 38 6 48 16 49 24 2 13 4 13 48 6 6 39 0 48 41 50 4 49 43 20 8 38 9 18 21 4 19 49 18 13 48 29 22 27 38 23 45 40 15 44 27 37 46 16 44 23 16 37 34 17 36 29 16 8 24 39 33]
	[19 11 32 36 32 16 4 28 18 6 21 43 7 39 2 47 29 20 43 4 21 46 25 41 41 4 1 26 26 17 9 13 10 30 34 32 28 22 3 41 26 11 33 43 49 30 30 48 11 49 47 15 13 19 2 23 0 25 26 19 34 36 11 18 43 13 34 11 35 3 27 41 44 4 30 11 24 40 46 36 37 3 17 14 50 41 3 17 2 31 47 27 22 35 47 1 14 1 16 20]
	[3 44 24 25 16 30 34 1 1 34 48 6 34 25 38 15 37 27 33 44 47 2 27 23 25 7 20 13 43 39 50 6 15 20 10 39 19 21 23 36 8 32 4 32 45 46 35 16 29 19 38 7 19 27 39 1 4 0 37 21 10 3 8 17 14 27 21 16 26 42 28 43 15 5 15 27 44 28 26 6 11 22 33 29 29 12 4 9 20 3 11 22 1 32 15 22 45 19 14 22]
	[40 40 31 13 37 43 32 46 20 10 48 33 49 19 33 6 50 38 6 8 27 19 14 33 19 44 31 21 49 28 27 6 40 34 44 31 50 49 13 9 26 27 30 16 49 47 2 26 28 33 17 18 37 33 3 6 19 29 0 21 6 33 46 26 27 6 19 2 43 10 31 6 27 10 20 46 19 45 15 18 32 29 40 25 28 42 39 18 30 41 2 27 17 24 33 14 33 36 30 19]
	[33 35 10 33 44 35 27 23 26 31 10 12 48 36 13 27 37 45 27 19 8 19 37 20 33 28 31 12 21 28 7 50 42 36 21 49 12 50 16 44 10 27 44 16 11 9 14 21 6 24 44 4 34 18 43 2 45 20 8 0 27 11 40 23 1 28 30 16 38 14 30 11 10 5 1 28 45 39 4 42 32 47 41 41 43 18 28 15 34 9 41 46 11 47 47 5 25 24 22 2]
	[42 3 9 1 39 30 2 8 42 45 42 32 1 19 14 38 28 19 2 13 48 28 5 41 12 37 37 5 8 16 35 48 33 3 50 30 7 43 42 27 30 14 40 19 9 22 48 9 29 14 24 33 41 2 8 33 48 35 3 23 0 28 19 23 38 16 37 48 9 16 36 27 17 39 18 29 50 8 11 2 13 37 37 26 41 6 12 50 3 16 33 41 1 5 29 47 46 22 17 7]
	[12 9 12 11 41 27 7 27 45 43 5 41 28 22 15 48 16 36 31 40 37 27 15 49 1 18 45 8 43 47 28 29 2 10 12 29 36 37 48 24 1 10 22 43 25 22 14 37 27 30 15 35 13 28 19 24 48 37 12 4 19 0 44 27 10 39 32 32 17 45 22 32 36 37 31 44 35 42 10 29 13 21 31 39 6 15 33 37 35 47 42 23 9 19 16 46 24 35 42 50]
	[49 2 27 44 28 44 24 19 31 25 7 20 8 11 43 14 29 33 10 31 37 1 24 7 42 42 10 18 3 5 2 10 17 45 41 48 29 47 17 47 6 26 41 6 22 30 37 4 24 33 10 13 20 45 41 33 18 37 32 19 31 49 0 9 12 31 9 37 18 3 44 9 27 36 37 4 41 45 32 8 7 3 25 22 15 34 14 50 33 37 31 1 17 50 42 17 47 27 2 14]
	[30 36 5 32 6 12 43 48 38 47 48 7 37 33 15 3 25 26 25 41 33 21 8 17 33 33 18 45 39 16 11 45 39 26 44 30 8 42 29 6 42 29 28 15 12 18 6 33 8 22 26 8 20 43 38 14 23 41 37 7 13 28 15 0 26 18 20 36 8 12 44 22 24 29 16 39 17 35 17 49 37 22 1 25 3 1 48 10 25 41 19 39 8 38 18 27 5 44 45 1]
	[40 39 19 14 12 2 29 46 33 24 25 44 33 36 20 35 18 28 35 1 14 45 48 30 4 2 25 35 2 35 21 9 18 19 50 12 46 41 14 1 19 37 39 8 24 2 15 6 31 44 30 11 25 1 31 10 18 12 6 10 17 26 22 38 0 37 45 16 4 33 45 46 35 20 24 34 6 7 6 7 36 22 6 21 6 33 40 7 27 3 23 4 37 19 20 33 29 16 5 49]
	[40 15 6 46 50 7 1 47 50 39 9 10 19 46 34 18 20 9 32 43 4 16 27 40 28 18 37 44 6 15 14 40 21 45 4 35 4 24 18 20 38 4 5 26 33 10 6 31 1 34 47 34 20 31 28 37 8 49 43 8 19 16 10 28 15 0 44 10 34 17 31 29 23 39 26 15 10 41 35 8 31 48 23 4 29 50 27 50 4 13 45 1 47 7 21 21 2 34 43 3]
	[20 2 15 21 10 2 43 8 45 11 27 13 49 28 50 26 3 46 6 36 7 42 35 45 5 40 16 31 38 34 16 26 13 34 21 36 1 6 4 20 6 32 36 32 10 37 40 38 21 12 22 42 12 7 40 46 24 3 49 21 30 49 41 17 46 26 0 46 38 6 36 22 31 45 48 31 49 45 9 3 17 14 24 35 50 25 30 25 4 47 38 46 48 33 14 39 16 39 22 10]
	[15 15 33 4 24 6 3 24 29 46 33 36 11 32 45 13 3 33 15 4 1 15 24 34 15 36 36 12 35 20 16 20 18 1 19 39 37 36 23 2 12 35 37 21 14 14 6 6 14 47 38 45 49 42 16 11 27 13 46 11 36 26 26 2 3 41 44 0 40 45 45 39 6 29 21 8 22 23 50 49 41 17 49 24 1 46 47 6 9 5 10 23 38 34 9 22 34 48 24 21]
	[3 18 43 29 46 2 27 21 39 21 32 12 10 3 44 37 35 3 38 45 45 46 34 22 16 44 38 28 31 21 23 2 26 3 28 5 1 33 32 37 9 6 2 9 20 35 37 44 36 21 36 33 49 20 42 30 26 47 19 49 2 2 37 47 8 29 45 14 0 6 5 18 1 34 23 17 3 19 27 26 16 6 14 34 23 41 46 8 24 27 27 25 31 4 25 50 24 31 40 9]
	[37 5 40 26 14 45 30 44 13 7 47 11 30 23 45 40 47 39 39 27 12 21 48 40 37 5 1 19 38 33 17 50 33 30 5 49 37 31 9 26 28 3 11 11 34 12 21 16 45 3 7 9 9 4 30 26 28 45 6 32 2 9 32 11 41 3 2 30 17 0 7 14 20 36 10 43 2 50 34 48 9 6 47 17 12 21 3 48 31 29 44 1 23 27 32 15 19 16 19 46]
	[30 38 3 26 38 9 1 35 38 39 7 42 9 11 30 12 30 36 1 13 45 12 30 17 4 32 21 42 15 19 21 13 39 44 33 13 41 42 18 43 3 12 7 39 49 21 21 34 16 31 14 29 35 30 22 15 11 48 13 19 38 48 27 25 43 34 34 48 42 2 0 9 43 40 34 28 18 36 16 39 24 41 40 50 45 16 27 39 32 27 3 4 37 9 7 29 29 39 26 41]
	[8 4 4 43 17 17 23 49 38 4 41 30 4 29 11 20 37 49 14 5 29 45 31 20 40 23 33 10 8 17 36 8 49 13 34 33 19 16 46 8 36 14 38 11 42 13 5 22 12 6 21 50 5 19 49 6 47 36 25 15 26 16 14 3 37 22 49 8 6 4 40 0 44 49 18 38 34 11 23 44 24 35 39 12 20 30 49 31 48 33 16 49 10 47 33 39 41 33 16 20]
	[38 40 28 3 37 37 27 32 20 39 16 45 35 36 14 40 39 32 22 31 8 4 19 46 2 4 22 45 23 34 10 22 48 17 39 11 3 49 49 45 4 32 21 22 17 3 44 2 18 17 27 40 50 39 33 26 46 40 27 12 12 47 9 35 27 13 40 28 33 21 41 25 0 18 42 24 33 23 17 40 10 50 40 40 17 39 40 49 9 7 17 36 24 21 31 15 13 30 19 13]
	[47 41 47 5 26 22 10 49 5 17 24 10 7 20 31 30 17 9 15 18 9 3 18 17 13 18 38 47 3 10 27 8 50 3 45 37 8 41 12 47 26 21 45 49 26 37 37 34 37 46 50 49 35 22 16 47 12 11 35 31 28 24 42 1 9 5 27 9 11 36 39 10 24 0 40 13 30 28 2 37 27 6 11 30 20 49 20 44 42 47 35 36 31 28 50 9 30 3 50 31]
	[26 10 42 1 28 18 5 20 12 38 48 2 44 48 18 34 47 10 45 25 5 32 2 47 46 41 41 3 50 19 9 29 5 4 23 1 19 34 15 15 19 37 34 46 15 37 7 28 26 7 5 42 18 39 8 19 33 17 28 17 16 15 24 7 35 22 43 49 15 28 32 43 13 16 0 35 19 10 24 13 44 32 4 15 44 25 49 8 7 41 21 34 6 26 2 3 18 15 38 34]
	[48 25 29 1 45 13 9 47 40 44 42 41 22 30 40 14 4 15 23 38 25 32 26 13 21 42 21 47 47 6 28 46 50 43 25 16 3 3 18 18 20 12 27 47 17 18 19 30 2 4 20 26 25 28 23 20 34 2 33 18 34 41 45 11 47 40 11 14 40 17 39 33 44 2 29 0 46 36 19 14 10 48 34 24 26 21 41 21 22 22 42 7 9 12 15 48 5 16 35 43]
	[44 13 46 3 8 1 10 25 31 48 44 4 38 20 27 31 9 2 27 29 5 14 21 34 5 3 5 43 36 35 29 34 12 48 16 19 39 13 26 37 6 29 23 2 4 40 41 45 33 16 43 23 21 47 13 41 15 16 2 24 7 28 8 21 31 48 11 27 47 5 47 29 31 2 47 3 0 27 4 16 44 34 10 24 8 10 35 43 18 5 8 43 39 15 41 42 50 3 36 5]
	[27 4 6 31 12 16 27 9 30 17 30 46 25 29 41 26 47 8 4 2 32 8 23 8 4 40 16 32 17 30 19 5 16 29 42 30 16 35 28 31 29 38 6 21 9 50 7 15 33 29 20 4 45 18 47 12 50 6 30 40 16 31 42 23 23 31 7 28 48 8 34 50 44 25 16 39 13 0 35 12 26 13 6 19 31 11 42 11 38 11 5 12 50 24 14 1 8 24 20 22]
	[1 24 32 15 40 7 13 48 19 13 45 32 8 11 39 33 43 48 23 25 7 18 25 32 30 45 23 20 5 34 18 47 8 38 33 25 32 49 23 6 49 29 38 15 44 9 43 24 47 4 33 45 18 13 14 33 3 2 24 36 46 1 38 16 2 8 11 30 26 32 40 20 29 41 43 34 23 15 0 11 49 27 39 9 15 48 44 34 30 11 27 7 36 4 30 39 31 26 21 8]
	[33 4 1 44 38 8 27 4 11 38 35 22 13 21 15 16 12 37 39 37 3 17 37 4 6 45 30 9 50 48 49 26 22 15 40 47 38 30 25 25 50 45 33 41 43 2 20 13 34 30 19 26 9 36 10 41 46 3 21 23 38 21 33 18 38 13 45 8 43 31 44 7 43 16 42 7 18 14 24 0 14 47 23 45 22 50 3 15 19 32 50 45 30 9 2 42 2 33 43 42]
	[49 35 4 14 21 22 17 43 39 47 29 10 27 3 21 17 6 34 6 1 20 5 37 13 21 15 26 23 1 37 12 35 27 26 11 27 14 47 19 42 20 11 24 44 7 21 13 12 16 15 3 19 21 45 14 36 18 34 42 33 15 33 14 40 46 48 17 26 25 25 6 38 23 30 49 27 41 30 29 7 0 35 25 19 39 40 42 31 38 15 4 48 38 49 18 3 8 19 12 38]
	[10 28 24 29 45 6 32 24 41 20 33 22 35 43 20 17 40 13 7 33 1 20 21 33 20 49 41 6 2 22 47 30 31 16 29 28 44 36 38 3 26 30 14 6 46 7 15 12 40 19 49 27 48 37 22 26 1 14 39 17 18 50 35 39 20 4 36 5 47 13 34 36 44 5 31 47 19 45 26 33 36 0 5 47 46 37 7 25 31 4 34 20 11 14 2 1 2 21 13 44]
	[30 14 46 50 14 46 27 16 6 5 16 45 22 42 38 25 44 4 16 20 40 47 27 33 18 46 20 15 35 17 25 50 1 5 8 47 9 43 41 2 14 42 43 9 37 22 43 4 10 11 35 36 35 28 12 30 6 41 7 21 16 40 47 18 21 49 12 30 23 1 40 16 28 24 40 39 45 4 1 11 36 19 0 33 33 45 14 48 50 12 4 22 36 25 41 18 6 43 7 26]
	[3 50 4 18 33 30 45 30 22 3 10 38 47 24 24 10 18 26 20 10 50 34 49 13 20 41 5 35 41 14 31 36 28 23 20 5 17 9 47 44 40 47 5 7 29 13 36 24 33 26 19 4 13 44 35 9 34 12 6 4 22 10 38 33 39 42 8 12 34 7 19 48 35 30 23 38 3 20 27 26 34 15 31 0 39 48 30 18 35 46 37 31 9 20 40 8 36 27 8 40]
	[7 15 50 44 31 9 46 12 46 26 44 32 26 11 36 10 47 47 13 22 37 34 40 23 2 4 43 49 21 34 37 6 16 10 35 4 28 23 7 33 22 46 3 18 19 21 24 6 41 9 47 23 45 38 6 40 8 19 47 25 3 48 9 22 43 41 36 26 7 15 35 44 8 23 8 1 40 8 3 7 33 20 13 46 0 29 18 19 23 2 37 20 38 38 20 24 37 36 15 31]
	[50 7 1 22 5 20 34 7 23 19 2 35 15 27 36 50 45 11 34 35 9 22 45 5 24 38 37 43 24 48 48 9 4 44 37 36 48 21 43 39 41 16 16 12 31 30 36 6 15 39 23 42 18 6 32 30 25 8 29 23 16 6 27 1 2 5 33 10 10 42 10 2 31 12 42 29 29 3 34 26 6 29 26 1 50 0 6 42 48 22 6 36 13 14 35 41 37 16 26 7]
	[5 46 46 7 32 6 39 35 4 29 29 3 23 20 35 4 30 6 22 32 43 7 39 36 9 30 2 19 42 30 19 23 4 46 21 32 6 12 50 17 25 44 41 10 7 33 40 16 28 18 44 2 32 37 36 32 15 28 7 2 33 2 33 23 24 5 9 17 20 29 20 29 49 24 16 21 38 13 7 45 6 2 25 36 39 17 0 6 24 29 33 46 1 29 4 9 9 11 47 30]
	[26 29 6 37 44 36 17 4 3 36 12 35 4 5 7 26 23 11 10 18 48 44 8 46 19 7 36 19 8 29 23 12 44 15 22 46 28 5 18 2 20 25 49 44 3 41 11 12 45 10 4 20 9 8 49 35 3 16 45 14 13 34 19 4 32 3 32 36 18 29 35 18 19 17 12 27 14 38 49 47 41 49 31 5 14 35 38 0 39 38 15 47 8 48 34 21 45 39 20 9]
	[43 29 1 50 40 1 29 34 42 7 14 50 14 13 10 48 21 43 32 43 26 13 36 31 18 21 6 40 42 5 32 39 45 27 36 24 4 15 25 13 26 43 25 10 20 34 15 34 15 15 1 21 3 45 26 38 28 33 23 12 6 3 31 16 49 48 23 22 26 6 40 4 24 15 14 35 30 9 5 30 5 9 19 5 33 14 28 18 0 19 33 46 48 32 38 3 42 29 7 21]
	[16 34 26 8 50 37 4 39 39 35 31 19 28 8 38 31 4 42 22 8 14 49 36 32 43 50 41 30 38 11 15 7 41 28 16 18 17 23 24 38 48 40 15 1 34 16 49 4 33 48 17 45 23 47 23 23 47 32 14 33 3 28 15 27 3 37 23 20 3 19 49 39 26 7 34 39 15 37 32 2 47 38 10 16 39 17 32 42 34 0 18 3 24 37 47 24 31 16 23 9]
	[13 13 27 2 40 24 22 26 40 9 14 6 2 15 20 7 6 30 15 50 36 42 23 20 1 31 29 44 21 3 18 25 34 33 30 48 26 5 6 2 44 24 13 17 24 3 34 5 3 32 26 31 10 11 6 13 2 17 21 31 25 18 18 9 5 32 23 41 40 1 37 21 21 14 43 42 23 15 35 28 31 6 8 39 5 22 13 39 11 48 0 18 43 37 14 4 3 29 26 7]
	[3 34 13 50 16 43 29 19 34 24 16 27 9 49 28 15 38 12 14 6 23 7 44 24 11 34 47 34 3 33 39 16 26 36 27 35 39 25 44 30 36 3 48 47 38 37 31 47 43 43 36 11 49 9 40 26 31 26 35 3 49 20 28 31 8 43 23 40 38 23 10 49 26 37 34 14 4 1 8 10 43 43 41 30 22 31 27 20 17 31 37 0 26 46 24 21 6 6 46 39]
	[35 7 10 44 30 18 32 50 28 5 43 33 15 9 32 50 20 29 39 18 13 2 2 25 3 8 12 38 13 31 28 41 44 15 44 39 5 49 23 12 12 27 2 22 41 6 10 18 30 12 31 12 48 25 34 9 1 34 48 16 22 16 35 14 48 32 29 26 38 34 3 34 13 23 43 23 47 11 19 30 34 22 7 29 34 10 44 45 49 28 36 2 0 8 10 4 43 24 33 30]
	[42 10 32 32 38 39 38 4 14 39 27 49 32 30 44 10 40 43 14 28 48 24 16 43 48 40 7 40 44 8 30 13 45 12 10 29 49 44 37 7 36 7 37 12 44 10 36 30 26 34 34 8 29 43 9 44 11 18 49 25 6 15 37 15 24 14 22 22 32 19 10 21 25 33 47 25 22 48 6 42 43 24 15 12 4 10 42 8 19 5 16 47 45 0 9 49 6 37 39 22]
	[7 1 27 7 10 9 2 40 15 20 43 35 28 33 10 36 1 47 14 2 42 40 20 25 43 43 46 26 9 3 16 47 48 38 7 32 6 44 12 21 12 36 13 21 29 24 24 50 40 20 44 24 28 9 7 19 4 20 40 5 3 14 2 36 45 1 39 10 29 47 22 45 31 34 31 12 48 1 36 12 26 10 38 47 48 26 12 42 29 7 18 24 1 38 0 4 38 43 23 15]
	[19 7 39 40 16 46 43 43 17 41 36 32 3 22 16 24 44 23 19 19 15 50 5 48 2 29 31 47 50 5 49 45 25 6 22 17 6 8 35 8 13 17 2 15 22 10 29 29 18 12 4 28 34 40 33 16 33 44 15 26 45 31 47 4 4 28 45 37 50 10 10 36 2 38 28 9 48 38 3 42 16 42 22 6 45 6 40 1 33 37 27 37 49 27 11 0 29 10 40 5]
	[46 29 16 6 46 45 47 48 11 42 22 24 37 25 33 4 18 43 42 22 45 39 41 14 34 10 20 43 26 9 9 30 45 46 37 6 50 6 15 5 19 31 10 32 1 33 14 29 23 10 50 39 9 1 27 25 36 33 13 12 7 13 36 35 36 49 44 21 5 25 33 16 3 17 12 41 33 14 50 41 16 44 24 2 16 38 43 20 46 12 29 41 36 38 9 48 0 29 30 10]
	[48 41 14 22 20 21 49 5 33 3 16 31 7 33 44 44 28 34 27 38 41 31 14 20 22 32 41 12 45 11 5 25 16 26 44 38 16 1 22 44 50 13 4 5 47 22 50 33 32 7 20 22 50 5 5 30 6 4 20 12 34 3 20 29 28 5 41 45 38 21 4 48 39 40 2 7 16 36 17 7 16 21 16 27 45 47 44 29 2 3 10 2 24 41 49 38 46 0 19 20]
	[3 29 39 22 50 30 17 7 3 33 5 13 2 47 43 9 22 9 8 24 36 38 1 37 7 2 43 24 7 40 40 40 4 32 14 9 42 31 18 43 48 35 32 21 50 26 36 8 22 36 41 13 24 2 9 46 1 14 42 18 30 1 30 18 3 43 17 29 25 39 22 45 17 18 29 6 48 31 34 15 22 13 4 24 50 23 33 14 28 11 2 20 19 18 22 32 10 36 0 47]
	[1 3 16 19 4 8 45 36 15 12 39 44 23 1 8 28 7 34 17 35 18 23 25 24 40 33 13 25 5 17 22 22 13 20 5 2 33 6 50 18 41 28 16 50 23 25 49 20 42 18 41 23 8 38 3 47 9 30 36 11 22 8 1 44 45 7 12 24 24 24 34 17 6 12 11 6 47 32 21 19 16 9 16 49 43 22 2 44 47 25 8 29 43 4 13 7 34 10 20 0]
];