nCameras=50;
nCrossings=100;
prices=[1 37 11 36 25 25 14 18 47 45 7 17 16 24 37 44 9 17 50 11 12 19 17 24 15 24 44 36 39 16 34 26 25 35 39 19 5 30 7 27 6 17 12 12 13 18 30 25 2 38];
ranges=[3 5 6 45 10 17 5 7 20 33 46 49 15 43 34 23 15 31 22 13 8 19 29 35 19 11 24 20 42 16 7 49 45 26 12 45 43 31 10 11 36 9 9 23 47 35 42 8 20 36];
autonomies=[3 2 6 4 2 2 6 4 5 2 4 4 5 6 2 2 5 2 6 3 5 3 3 4 3 3 2 3 6 2 6 3 3 5 2 3 6 2 3 4 3 2 4 6 3 2 5 4 6 6];
consumptions=[4 45 14 25 2 27 6 40 8 31 28 43 37 15 47 5 41 22 47 13 37 4 2 21 25 39 10 38 39 12 41 50 39 41 14 13 36 39 14 31 11 29 1 14 34 13 37 26 14 15];
minRanges=[
	[0 14 8 4 23 13 21 49 36 30 5 19 41 45 7 40 29 39 37 2 32 27 43 34 6 17 12 23 33 4 46 1 44 5 40 34 29 15 22 10 45 10 34 31 30 12 40 14 31 42 17 50 19 31 28 37 2 13 38 46 36 2 26 18 18 16 23 43 46 45 49 39 39 47 24 42 21 23 20 31 37 48 44 48 32 1 19 35 29 6 45 46 28 17 41 44 34 9 50 10]
	[2 0 47 4 26 35 39 26 11 49 2 15 35 35 22 2 15 39 27 49 3 1 48 18 20 6 50 8 6 23 26 12 19 33 3 32 5 34 41 47 29 48 47 9 9 2 15 20 19 22 15 35 41 35 37 14 50 14 1 34 26 6 22 10 15 26 29 43 43 38 40 31 22 48 45 47 24 17 7 44 32 46 47 46 33 33 25 23 19 2 8 2 46 23 30 41 43 45 3 14]
	[11 47 0 1 32 2 5 4 28 1 1 14 19 31 26 44 14 14 41 39 38 2 30 25 12 36 42 29 32 3 46 37 44 47 17 49 33 1 17 26 45 8 31 33 47 12 17 50 7 36 21 16 41 10 21 17 3 18 14 29 2 5 39 48 29 39 37 6 33 31 35 26 14 19 4 15 35 17 47 22 16 32 28 14 14 30 19 29 15 45 18 42 42 21 12 33 49 17 13 9]
	[6 34 37 0 38 34 49 33 9 33 37 38 35 47 27 25 14 47 48 38 41 11 45 4 32 12 44 41 2 4 47 36 41 28 22 6 30 21 47 21 36 2 17 4 41 2 25 19 8 50 37 24 44 5 36 29 25 10 45 25 23 38 37 12 29 44 2 6 8 32 3 9 27 48 25 33 50 49 45 33 19 43 4 23 11 41 38 4 35 30 37 47 28 14 45 30 7 15 17 4]
	[21 2 21 37 0 36 15 19 38 35 35 8 46 23 40 26 2 14 20 13 41 46 3 30 25 35 38 41 36 8 27 25 41 8 38 13 12 28 1 33 4 10 37 37 29 26 9 24 26 20 35 47 18 39 47 33 6 29 12 48 47 9 26 12 6 7 31 42 27 29 39 44 23 36 31 7 28 17 49 31 48 12 11 15 49 40 17 11 48 21 33 7 25 25 46 5 2 38 13 7]
	[7 49 20 33 9 0 1 26 38 30 49 24 29 50 24 50 1 40 21 37 25 25 18 14 12 50 44 13 29 34 44 15 23 27 11 21 19 16 21 30 11 49 36 16 40 42 3 10 37 42 29 32 2 15 24 5 28 23 23 38 26 10 4 46 21 8 29 43 2 37 14 31 8 50 17 46 13 24 7 40 8 42 1 33 41 6 48 1 27 26 45 14 4 32 3 34 3 13 32 25]
	[26 12 48 13 26 45 0 38 21 47 22 42 29 47 10 42 13 28 3 40 43 42 42 28 10 4 41 17 36 34 33 16 16 24 25 18 14 4 46 45 27 19 7 25 45 46 22 38 5 15 39 19 32 1 26 43 45 49 22 27 39 23 2 10 6 7 34 14 12 33 18 40 33 16 23 47 44 15 47 23 38 22 2 25 25 31 8 29 36 33 49 48 46 45 17 16 2 26 27 48]
	[41 22 17 5 10 9 2 0 25 13 18 26 20 16 29 12 45 29 23 36 42 48 8 4 33 50 29 17 42 25 26 23 47 3 31 21 35 32 42 16 30 36 33 20 23 29 50 15 26 15 27 27 37 5 32 47 49 15 49 31 13 45 33 14 26 33 46 22 15 36 10 30 41 49 35 3 2 9 4 13 25 33 12 32 35 23 24 4 20 50 40 9 25 17 4 8 3 9 47 10]
	[3 19 41 14 26 32 28 48 0 40 39 36 31 11 37 19 40 10 19 24 41 38 28 15 29 9 39 38 25 31 20 6 1 47 17 12 10 7 38 17 38 34 48 5 13 8 37 49 42 27 45 20 1 4 31 24 36 32 9 30 24 7 48 4 38 38 23 39 14 16 24 22 22 26 22 49 48 2 6 49 40 42 22 47 22 37 41 17 47 20 26 32 9 26 33 31 22 11 41 34]
	[37 50 31 24 12 30 1 40 17 0 47 35 10 39 4 27 15 8 11 22 31 26 30 32 36 8 39 33 42 41 11 24 48 46 47 40 1 47 40 1 46 23 16 5 31 3 39 46 24 16 30 49 33 16 30 28 21 15 37 24 12 12 9 28 15 21 36 25 17 48 30 13 9 37 18 24 50 43 5 34 33 13 44 31 19 26 10 41 24 45 34 3 39 28 40 42 22 27 19 19]
	[44 15 19 38 23 23 1 30 30 22 0 28 1 13 31 38 23 28 43 31 20 18 19 25 9 26 19 35 11 5 29 14 29 26 17 7 40 48 12 34 28 37 20 38 39 10 26 40 32 17 21 1 32 36 45 12 15 45 15 49 2 36 6 28 22 1 29 40 12 2 48 50 49 26 32 33 13 24 42 19 27 11 14 31 37 48 19 4 40 29 32 8 46 9 2 32 12 19 10 12]
	[38 41 29 20 8 3 36 36 48 49 28 0 43 34 33 43 31 8 20 10 44 6 1 3 36 27 10 12 24 48 45 42 45 38 1 5 37 49 16 30 18 34 33 49 47 28 44 30 29 3 31 4 34 22 18 7 21 24 14 24 3 7 16 12 43 19 23 4 32 14 9 6 47 36 17 1 37 44 40 32 27 34 4 7 50 43 23 21 19 42 35 24 4 12 48 22 50 19 15 6]
	[11 10 11 39 3 46 9 35 19 29 29 6 0 12 22 45 2 1 11 39 12 33 44 16 40 19 17 38 35 44 10 29 42 14 48 27 18 12 35 28 2 35 16 12 16 12 32 32 45 39 26 16 42 46 28 11 31 40 18 26 37 12 3 18 5 16 42 34 12 17 29 15 2 40 21 3 6 48 15 23 32 21 40 7 8 43 47 15 8 43 33 4 21 13 17 37 21 12 7 20]
	[10 17 39 48 26 22 19 30 31 37 1 37 45 0 29 45 16 5 22 50 50 31 12 45 23 22 42 4 3 10 36 32 19 18 35 11 45 42 19 16 14 15 25 5 11 40 39 8 1 12 14 15 11 21 37 13 6 2 19 27 50 40 2 12 14 32 42 23 36 37 16 6 38 1 47 24 42 15 31 24 22 50 7 17 20 46 3 33 39 6 35 47 9 14 29 15 1 1 5 19]
	[7 37 11 15 48 9 50 14 36 21 27 46 21 34 0 10 38 17 49 47 15 16 6 16 40 27 9 17 25 41 14 47 33 29 36 42 42 25 24 1 22 37 30 31 14 22 21 8 39 31 33 26 7 43 23 42 22 7 5 27 31 36 42 25 37 34 40 33 10 18 28 6 35 45 9 3 18 36 41 6 20 37 42 44 41 19 45 5 46 4 36 38 15 9 5 26 8 10 33 7]
	[45 31 26 20 48 34 40 36 37 5 31 26 46 23 27 0 13 39 22 33 43 33 37 21 43 33 21 40 16 14 33 12 18 18 31 18 20 50 13 5 10 21 4 14 10 50 30 29 22 34 8 44 42 41 48 11 50 22 10 22 32 36 37 20 42 2 47 50 20 27 14 23 46 28 48 37 34 50 35 7 31 26 4 48 38 48 43 49 7 39 25 34 17 10 33 34 42 16 6 18]
	[28 28 20 42 8 20 16 32 47 7 5 28 20 26 31 37 0 12 14 23 5 26 11 12 47 27 31 40 3 33 14 19 21 37 17 39 6 29 19 29 25 20 35 18 45 2 8 8 39 46 43 20 28 21 3 50 5 18 19 8 28 27 21 4 47 4 23 15 23 29 32 2 4 16 20 40 41 31 6 8 22 32 29 3 5 43 31 41 12 2 22 1 15 37 22 47 32 14 24 26]
	[35 17 35 33 17 9 42 44 44 26 46 40 22 32 47 49 18 0 49 39 41 46 26 40 11 24 22 5 8 48 11 15 34 49 6 35 31 39 17 15 4 3 46 33 9 49 25 45 46 9 39 6 21 34 25 38 13 1 4 38 26 15 27 9 46 44 13 45 44 13 11 39 33 19 14 12 14 30 38 2 17 32 47 13 21 48 9 8 27 6 49 19 12 28 25 3 40 17 33 28]
	[32 10 40 7 12 13 31 20 49 8 2 47 25 1 29 31 34 18 0 12 50 35 43 12 26 30 37 43 44 41 8 23 27 12 22 19 22 50 37 43 12 29 24 39 20 3 3 20 45 28 1 22 35 34 10 4 24 14 9 23 15 15 10 47 2 31 31 17 14 39 32 12 37 31 21 33 35 45 16 31 46 29 10 45 29 1 18 27 7 29 3 32 21 8 33 3 2 23 37 50]
	[14 32 1 49 10 38 44 15 20 19 1 18 12 45 23 25 4 10 35 0 46 34 42 16 31 5 23 5 43 17 50 8 5 49 17 48 8 5 17 34 25 43 31 24 48 19 5 3 18 41 3 18 25 40 11 6 34 32 8 12 16 3 16 26 9 7 41 15 50 49 13 38 9 42 10 1 17 17 46 49 47 37 8 2 25 2 32 2 4 25 30 4 19 50 36 47 10 12 32 18]
	[45 22 29 22 28 38 31 22 48 11 18 46 22 33 18 45 27 43 1 1 0 49 15 7 18 13 1 9 3 35 47 16 2 41 18 37 31 2 48 24 23 4 7 37 36 6 34 44 12 44 13 5 25 16 10 3 26 32 19 38 18 38 14 14 30 24 37 36 39 43 13 45 39 29 4 6 2 47 44 17 6 19 5 46 24 43 3 31 27 47 28 29 9 25 24 9 30 12 3 20]
	[28 36 49 46 24 29 19 42 41 49 33 12 15 30 14 3 31 10 46 20 50 0 22 1 50 11 22 11 7 18 40 23 23 25 46 33 10 41 2 26 39 1 38 39 36 49 49 2 10 46 18 48 6 5 30 12 33 38 25 26 37 19 36 16 45 47 9 6 9 8 17 12 27 26 22 39 22 14 25 45 19 7 12 38 12 24 8 16 25 25 26 47 32 9 21 10 13 9 28 11]
	[38 26 42 17 42 44 20 10 40 38 20 50 31 29 26 32 7 10 1 18 29 5 0 17 1 42 45 49 2 17 22 30 32 13 44 23 33 27 4 33 11 23 23 9 14 20 44 40 29 15 36 38 10 27 17 28 22 15 12 48 36 40 23 41 9 21 48 48 7 50 17 19 37 20 34 42 30 28 4 42 14 40 44 3 40 25 17 15 19 44 45 41 12 49 9 41 24 5 49 33]
	[14 31 27 12 30 45 16 14 50 26 34 20 7 13 35 9 28 41 9 23 23 3 23 0 49 16 16 45 48 7 33 5 34 1 37 34 12 10 44 12 38 35 19 32 17 18 1 37 32 17 45 45 20 47 37 28 46 15 29 22 13 26 18 30 47 5 32 38 15 42 5 33 6 36 8 45 25 38 38 11 10 10 34 37 31 12 23 28 43 13 47 45 14 42 1 43 20 22 35 25]
	[43 16 40 36 26 21 25 15 6 23 18 6 28 11 24 37 4 45 49 29 29 4 29 28 0 27 41 32 23 2 30 22 25 26 26 30 8 36 19 34 41 2 3 37 28 42 46 10 27 27 46 13 36 49 20 33 47 43 6 42 33 22 16 7 7 13 2 26 20 45 18 47 40 47 40 45 38 16 20 25 32 10 25 50 30 27 12 31 4 36 33 35 37 46 39 37 31 2 19 26]
	[14 41 45 2 14 16 32 4 24 25 47 8 16 36 27 9 3 32 18 36 32 6 3 33 32 0 21 33 7 26 3 1 22 26 27 30 44 14 31 44 38 3 21 3 4 31 45 13 49 3 33 39 5 41 35 20 31 33 43 33 47 42 18 27 18 27 7 12 12 38 4 16 8 5 40 28 45 50 34 14 7 46 17 20 9 46 25 8 50 26 39 12 14 29 7 48 41 11 36 33]
	[5 29 15 18 44 31 8 45 23 17 9 3 31 20 23 50 20 43 50 38 17 48 49 25 8 15 0 3 29 45 27 5 35 7 30 7 37 41 46 26 19 24 10 34 49 8 18 33 28 24 41 43 15 34 2 22 34 15 14 11 21 26 25 50 45 41 40 14 38 12 17 43 35 5 17 48 35 49 4 36 33 42 44 9 44 26 42 39 36 46 2 50 31 14 3 12 50 24 27 14]
	[30 44 30 19 45 13 19 27 17 43 6 34 27 30 37 28 19 35 16 32 20 21 10 1 9 23 16 0 16 5 3 2 15 27 3 11 1 22 7 49 23 9 10 28 20 24 49 47 2 4 35 18 21 12 17 9 34 7 7 17 4 29 22 44 33 7 2 20 41 3 39 31 17 43 19 20 15 10 45 41 5 2 21 44 44 23 30 4 29 16 17 30 23 3 45 32 22 26 48 17]
	[49 41 31 31 22 25 18 40 37 26 27 44 15 10 9 49 10 36 27 1 24 28 28 8 42 4 18 50 0 19 26 11 16 39 40 27 39 10 36 18 48 18 35 48 35 40 41 12 34 48 9 8 5 41 40 29 48 1 45 30 2 2 32 2 33 22 4 26 6 31 49 13 48 21 29 8 39 28 32 24 16 39 12 50 19 21 1 26 8 22 19 41 16 2 13 15 26 22 2 12]
	[43 11 9 15 5 42 31 47 45 15 34 2 36 46 24 22 37 23 40 18 13 25 14 7 46 33 13 39 17 0 39 15 18 2 2 16 43 37 2 2 46 28 45 4 17 16 8 28 13 45 41 20 36 24 22 10 26 38 30 13 32 21 5 48 14 38 12 23 33 11 18 10 31 41 34 17 6 29 26 49 34 40 19 2 1 10 47 5 48 10 4 12 37 50 19 24 23 29 27 19]
	[28 19 35 37 44 18 23 17 8 43 45 38 1 16 3 21 7 29 3 6 25 35 25 42 45 2 48 8 22 39 0 36 19 32 30 15 36 5 40 45 32 28 7 6 49 50 40 1 35 39 29 30 9 23 11 27 37 22 39 23 15 2 34 16 9 26 11 21 8 40 13 24 2 35 19 16 39 21 38 47 50 6 21 38 17 28 32 34 32 22 6 34 11 23 37 50 48 18 20 19]
	[2 15 6 32 16 35 33 38 1 46 30 17 30 42 8 14 31 42 41 39 16 32 21 43 33 8 10 13 13 1 42 0 16 44 2 17 43 48 49 50 20 11 13 25 40 22 31 11 42 28 19 16 49 47 38 13 26 11 23 28 9 21 13 13 47 23 35 45 19 23 42 30 17 43 31 9 21 33 21 45 6 16 46 50 5 46 18 21 5 46 6 36 11 49 5 2 36 16 32 43]
	[30 30 47 18 17 24 15 39 27 47 24 28 3 1 46 6 26 40 3 6 21 30 12 10 10 39 35 42 5 28 49 31 0 49 5 46 1 49 36 33 40 8 5 27 28 34 15 9 39 10 29 13 22 1 30 16 31 39 18 46 47 18 9 39 16 9 14 4 8 5 13 49 45 18 15 29 36 22 37 46 6 39 14 32 9 21 25 20 24 23 30 41 46 16 45 8 27 12 7 46]
	[44 49 28 6 11 24 29 29 16 27 13 31 12 17 18 22 33 36 38 14 38 49 44 14 32 40 35 34 12 16 9 16 7 0 25 50 15 21 48 1 32 38 39 7 32 2 7 22 5 11 16 20 20 11 7 9 19 6 35 29 28 13 13 48 15 7 31 40 44 21 44 7 46 27 34 7 9 21 29 31 46 16 36 22 6 13 21 31 38 18 25 45 48 27 49 10 26 31 20 3]
	[2 6 21 42 15 21 30 30 37 15 11 47 4 41 50 48 12 8 14 44 33 4 32 21 15 6 35 45 43 34 26 34 49 10 0 40 2 7 46 6 1 2 24 39 11 15 1 9 18 35 7 47 3 28 9 15 11 47 30 36 8 27 41 28 16 12 39 33 23 29 28 11 28 6 45 28 5 49 4 35 34 26 36 48 7 26 16 23 35 27 49 46 5 38 40 37 43 28 13 6]
	[42 8 36 23 12 34 4 8 28 20 49 22 20 6 22 13 6 15 3 23 44 46 4 21 16 25 33 13 3 32 35 14 30 45 30 0 2 50 5 42 14 8 29 11 32 27 41 16 5 23 19 49 36 21 24 46 24 11 27 38 37 36 26 16 24 33 33 36 25 35 41 47 9 38 7 18 5 30 4 26 33 35 16 32 11 20 39 12 16 46 19 31 38 39 49 10 40 31 17 12]
	[28 48 1 6 26 21 11 6 21 45 38 31 35 42 32 4 24 19 32 44 32 45 34 20 22 39 6 26 16 10 15 1 42 29 39 5 0 8 43 18 32 42 12 5 17 23 2 3 49 29 21 5 22 3 43 19 36 44 6 8 32 4 6 50 32 47 33 29 21 34 35 6 28 34 46 45 43 39 47 40 3 30 15 11 45 9 19 27 7 17 14 2 7 31 50 46 37 34 39 21]
	[5 20 21 42 13 40 23 43 6 20 33 1 30 29 37 29 17 22 46 48 45 36 24 20 37 41 46 7 37 7 20 23 32 41 32 50 11 0 8 8 1 19 40 40 33 44 19 50 34 33 42 29 46 40 6 21 41 48 13 37 2 16 19 28 39 20 43 27 37 5 22 16 10 7 8 31 37 29 10 33 38 24 18 1 15 7 24 14 41 34 4 33 15 16 48 11 9 32 46 38]
	[15 3 41 3 32 44 48 29 16 36 19 39 42 12 45 34 1 3 25 43 31 24 28 49 23 13 41 6 5 40 19 49 5 48 23 38 7 39 0 12 41 5 41 38 9 36 22 22 38 35 22 23 47 27 45 50 27 14 48 28 34 2 31 1 14 6 15 7 27 48 10 7 31 31 49 27 21 27 30 34 45 5 5 36 37 42 14 34 20 27 15 32 2 18 41 3 11 4 33 39]
	[22 39 12 48 16 49 39 45 18 9 40 16 14 12 49 21 39 49 35 3 23 10 30 33 5 5 32 20 39 33 15 50 30 50 3 45 10 49 38 0 28 39 34 33 43 44 16 36 49 43 40 29 39 11 24 15 38 37 6 31 46 46 11 18 28 48 16 37 7 9 21 12 39 17 46 41 23 46 8 33 21 47 30 22 23 30 31 22 20 15 1 4 31 25 38 18 26 16 10 10]
	[4 36 46 33 14 15 9 28 48 3 30 48 17 3 34 22 32 36 15 13 43 36 13 46 25 31 43 17 50 20 18 33 30 8 45 38 2 24 6 2 0 35 17 32 9 27 50 12 49 38 27 41 44 20 38 44 2 1 27 19 29 3 35 18 17 3 34 11 7 44 27 37 33 24 28 29 3 39 49 23 8 46 11 20 33 26 28 21 20 1 1 3 3 8 35 35 27 49 6 31]
	[15 46 21 32 20 20 43 17 38 13 32 42 22 25 46 3 33 20 22 20 2 5 35 32 34 6 3 38 40 27 16 18 19 9 35 48 33 45 15 12 16 0 36 18 25 23 39 27 3 30 45 14 22 42 13 24 22 23 36 26 45 40 20 14 29 50 43 39 24 19 13 36 39 25 46 16 12 27 35 22 11 15 50 5 50 17 33 43 34 34 3 40 43 34 10 5 2 40 24 4]
	[16 1 20 26 10 13 7 41 42 15 45 23 35 9 30 17 28 4 47 44 25 30 34 19 13 43 13 34 16 18 19 22 32 33 27 48 48 12 17 35 45 2 0 34 21 8 49 27 15 16 19 37 48 47 8 14 45 35 2 38 32 46 48 5 39 34 13 15 16 36 25 10 7 2 28 35 3 19 42 31 14 15 35 36 48 47 46 3 2 10 23 4 12 4 7 48 21 13 41 14]
	[8 10 19 14 41 5 22 12 2 11 8 38 15 46 50 26 36 37 37 7 14 50 34 34 46 32 8 4 36 14 18 50 18 17 4 47 24 18 37 42 48 37 34 0 4 37 49 36 12 36 50 37 3 49 5 15 4 32 22 3 46 39 23 25 14 11 43 22 47 34 10 34 7 33 18 44 13 7 27 18 19 48 30 45 43 28 5 30 33 38 50 28 17 2 29 8 19 12 46 13]
	[15 12 7 21 16 42 14 1 6 23 17 21 3 31 33 29 2 16 24 3 12 29 39 5 12 13 16 4 13 14 1 19 40 18 32 36 26 18 49 9 11 28 16 33 0 45 41 24 29 44 18 50 43 40 26 47 4 39 6 46 48 44 39 39 38 25 7 12 20 17 45 19 33 2 37 30 26 24 21 15 17 43 39 14 23 42 35 34 50 38 5 21 48 44 16 10 12 49 2 10]
	[40 11 35 36 37 2 19 34 23 5 37 22 33 20 9 29 6 29 12 32 1 29 8 13 11 42 18 42 6 16 15 11 16 21 32 41 28 24 20 44 46 18 24 50 47 0 16 50 11 11 38 34 48 8 45 29 26 20 40 40 44 5 40 29 21 38 10 19 50 47 39 49 49 45 28 3 32 41 34 15 3 37 20 6 4 15 3 26 19 23 34 32 36 20 4 2 2 7 21 7]
	[2 10 6 8 2 3 45 11 27 47 13 5 44 8 2 16 8 17 38 21 35 23 38 14 18 18 26 37 42 39 32 27 45 21 36 47 17 35 8 30 43 5 26 6 28 2 0 34 40 20 5 14 46 8 30 26 9 45 20 32 10 46 41 40 34 34 43 33 23 4 16 31 3 5 18 10 16 32 38 32 47 25 46 13 29 46 20 20 14 11 25 39 15 4 12 47 41 12 43 11]
	[47 7 39 18 43 45 13 32 19 10 31 13 39 28 35 24 32 1 16 20 19 2 15 13 27 43 12 7 30 21 20 8 9 48 48 11 27 44 38 38 19 1 24 11 23 35 23 0 29 47 22 2 22 21 34 40 24 29 49 9 6 11 23 30 39 48 32 7 35 28 50 34 49 50 41 5 44 6 15 49 49 46 41 15 31 14 25 47 16 42 6 21 25 3 28 13 21 20 47 23]
	[39 30 38 32 14 14 6 25 6 33 50 9 43 35 46 28 4 23 5 15 20 43 6 14 37 43 26 5 2 48 35 41 17 50 50 1 17 11 47 45 31 43 30 5 1 40 42 4 0 42 24 37 7 36 2 14 45 31 12 29 6 50 26 2 50 35 21 28 16 30 21 46 12 6 50 44 35 19 44 34 22 7 25 2 10 6 27 32 41 36 2 12 19 38 28 41 10 13 41 6]
	[15 47 12 47 20 18 43 31 2 7 32 30 5 17 34 21 29 33 20 22 16 6 11 42 45 3 33 33 20 48 34 6 17 41 30 42 32 23 40 35 27 50 13 26 50 45 35 49 3 0 45 21 38 48 34 28 41 40 25 10 41 11 40 42 16 22 22 4 3 21 50 7 50 35 26 45 49 2 8 46 16 9 46 29 25 10 41 10 33 50 50 8 49 27 6 33 2 11 38 49]
	[32 32 28 47 48 42 2 27 42 46 50 37 41 23 26 3 34 22 7 33 39 39 49 1 41 47 3 7 28 21 14 35 43 50 45 40 36 42 1 44 33 4 38 8 6 8 6 38 25 7 0 45 45 33 17 15 47 34 48 26 23 20 36 49 46 17 44 42 45 44 48 48 3 24 37 27 47 39 42 22 28 43 23 20 50 9 41 10 26 47 26 44 39 31 19 9 10 35 46 46]
	[24 47 9 8 11 10 13 22 40 50 27 2 22 38 30 11 50 37 14 2 24 23 21 11 2 16 16 46 14 46 30 44 43 14 25 46 13 24 33 31 15 42 38 37 36 39 32 15 35 43 17 0 29 41 42 19 43 9 17 40 10 9 34 13 8 7 42 32 37 31 35 20 49 33 44 13 8 11 45 2 10 29 49 22 41 31 20 29 10 1 25 37 32 38 38 43 47 4 28 10]
	[15 9 4 32 37 39 50 36 43 10 28 34 18 25 10 37 29 50 32 15 1 9 33 2 15 24 41 43 16 12 49 30 42 41 14 29 24 19 34 41 29 16 25 43 12 27 42 35 37 13 1 22 0 6 32 13 25 50 7 8 39 30 18 7 40 26 36 3 12 5 21 4 50 41 7 47 50 9 10 34 5 4 39 43 26 47 49 22 5 12 8 10 34 4 33 16 35 12 23 36]
	[48 26 23 19 45 39 47 17 21 39 40 18 14 24 18 21 28 5 10 46 14 47 17 32 21 11 17 24 50 45 12 9 37 31 16 33 2 34 31 16 17 27 27 29 17 21 41 11 3 16 42 22 2 0 27 2 3 9 48 9 45 24 18 5 18 8 1 24 25 31 41 15 7 43 8 24 8 5 50 43 20 23 23 14 50 39 13 41 40 13 48 21 1 15 21 47 34 22 6 9]
	[1 28 43 41 38 11 10 22 5 43 15 43 34 33 39 31 2 16 36 27 32 9 50 46 13 2 4 43 49 21 17 22 26 36 11 9 17 12 12 45 6 35 15 1 18 38 41 31 13 7 25 9 47 15 0 13 20 14 18 29 19 17 33 9 26 14 45 11 49 11 45 41 16 39 4 14 10 48 20 37 39 6 5 17 14 36 34 1 2 23 43 42 18 1 6 23 21 2 33 43]
	[6 41 24 12 41 46 10 11 49 40 30 3 27 9 22 35 10 11 24 13 41 18 11 22 11 48 9 18 10 15 21 46 27 3 15 36 22 38 36 22 7 13 45 39 12 38 32 13 4 30 29 32 18 23 14 0 37 7 1 33 1 4 22 35 31 24 32 48 24 49 21 34 2 2 27 35 19 42 42 18 42 19 18 6 1 40 38 41 16 35 14 27 11 49 27 5 9 16 29 15]
	[37 19 49 32 48 8 48 44 14 32 1 32 28 22 30 41 18 17 42 8 14 39 35 1 34 37 9 7 28 20 13 43 2 44 43 2 20 8 11 2 5 38 28 11 23 34 11 7 38 24 50 24 7 31 33 7 0 5 27 32 42 38 8 46 14 45 26 18 28 41 47 26 35 36 15 19 13 11 42 45 8 32 14 46 16 35 2 35 44 7 7 27 36 21 13 1 42 40 16 42]
	[43 33 32 49 14 8 46 24 50 10 12 34 22 36 17 2 3 25 29 20 7 1 33 6 47 32 50 7 32 21 39 6 27 46 32 7 31 13 9 50 2 22 35 9 28 49 41 6 6 29 32 41 13 5 23 35 21 0 11 3 5 21 5 21 11 5 3 26 32 2 42 49 13 47 21 28 39 25 1 9 45 37 42 1 42 31 30 12 38 1 20 33 9 6 28 24 35 25 16 6]
	[26 22 1 43 36 41 27 4 43 8 6 15 9 16 29 15 19 4 50 3 10 49 42 39 1 23 10 32 41 4 28 21 46 48 32 29 42 20 11 31 34 35 44 11 32 36 3 17 24 6 47 26 29 33 42 46 46 19 0 27 14 3 29 37 40 49 42 31 7 42 7 29 50 17 33 49 29 25 10 5 19 3 10 10 33 42 4 34 22 41 18 8 12 39 42 27 6 29 41 19]
	[17 16 38 44 17 50 33 11 19 2 20 49 43 38 26 47 13 32 4 31 45 28 45 15 48 47 30 23 18 11 44 22 34 32 5 19 18 6 2 41 39 37 12 48 41 31 45 34 48 30 41 1 35 41 32 40 42 16 48 0 38 25 4 46 38 48 29 50 41 35 3 39 1 10 16 49 46 46 5 17 4 20 32 22 29 30 31 31 11 25 17 13 23 9 8 17 29 2 33 33]
	[35 21 30 37 26 6 43 17 44 21 50 4 39 35 24 30 4 27 9 18 32 36 8 41 36 14 25 26 38 46 50 43 11 19 22 4 41 22 18 40 24 41 25 28 42 13 36 34 25 23 19 17 6 25 40 24 6 44 13 48 0 21 2 11 24 15 8 35 17 12 38 34 27 36 21 6 8 2 10 23 27 43 47 8 49 31 47 46 44 20 4 36 37 37 43 23 7 7 37 6]
	[23 19 47 15 20 31 23 42 34 12 16 46 21 40 1 49 36 20 45 11 3 9 13 38 34 6 33 37 46 11 31 26 50 30 20 46 44 27 34 24 42 24 26 7 18 38 46 22 50 31 50 4 19 21 6 24 10 49 9 10 12 0 33 18 48 44 43 8 15 48 41 45 5 8 14 1 41 34 19 40 7 9 24 10 46 18 31 8 27 47 35 34 3 15 10 48 28 20 44 49]
	[14 26 12 32 21 2 17 42 32 1 44 49 47 29 8 35 35 19 21 4 47 36 47 29 11 29 47 3 29 2 12 6 13 43 23 44 43 29 16 15 49 48 30 17 14 45 6 2 31 10 50 39 33 12 38 3 50 23 22 44 5 42 0 23 1 12 3 11 49 36 29 13 13 3 41 17 6 35 34 4 29 44 31 19 27 7 22 45 15 2 10 41 29 30 37 31 49 37 18 4]
	[7 30 15 44 23 42 1 20 49 13 41 16 10 28 3 29 43 22 1 2 24 48 5 26 13 46 16 46 28 37 5 27 2 14 44 36 20 29 24 7 49 44 17 5 28 43 37 22 50 30 46 44 35 8 6 24 39 38 15 42 28 16 45 0 6 31 13 21 15 3 5 47 26 18 38 34 36 14 39 16 29 48 7 24 45 5 13 1 27 48 20 29 17 44 41 44 27 44 9 15]
	[8 29 39 8 29 6 8 8 8 26 16 36 19 1 15 3 30 8 13 24 27 18 48 35 21 50 41 29 37 25 26 44 2 31 34 29 7 35 19 29 14 50 41 11 41 27 13 34 46 40 28 50 10 25 36 24 21 27 19 22 14 22 50 16 0 24 10 40 3 42 43 39 21 16 4 30 16 19 16 7 30 20 17 29 3 46 6 32 34 4 40 4 42 50 22 28 23 5 36 21]
	[45 26 1 21 36 26 37 50 13 50 12 28 39 33 28 4 4 46 6 31 29 9 38 44 6 49 42 42 20 41 37 47 19 30 44 20 4 12 18 7 36 3 18 42 15 8 25 37 27 8 1 22 18 32 26 50 8 14 30 17 19 11 24 24 8 0 50 4 25 3 6 36 31 12 28 12 28 11 3 26 12 26 13 8 37 13 3 18 7 10 35 31 38 9 12 39 25 18 1 1]
	[21 20 17 23 9 5 9 49 4 21 41 34 32 40 5 47 27 50 5 12 26 32 39 3 24 23 6 20 35 40 14 33 21 27 16 48 16 33 17 40 46 5 42 43 42 50 17 28 28 43 37 29 49 4 32 8 42 33 21 17 25 5 46 33 10 34 0 19 15 8 8 9 12 34 44 24 2 29 13 17 9 23 22 46 19 49 16 32 24 31 50 26 19 49 7 26 49 6 26 19]
	[24 26 19 8 17 5 50 35 33 35 4 30 46 15 15 30 34 11 6 23 28 34 41 23 38 49 9 20 34 39 32 28 44 2 46 13 7 50 16 17 8 7 12 36 19 19 31 44 30 42 31 19 20 49 15 11 8 13 7 13 47 21 32 17 24 39 42 0 24 23 40 48 19 34 39 26 33 40 26 15 10 28 48 17 19 11 22 28 23 11 47 3 35 26 44 32 7 31 46 47]
	[33 29 36 38 10 49 3 7 32 24 29 1 7 14 30 38 40 27 9 5 10 49 47 28 43 50 23 21 4 29 24 42 31 15 16 43 21 24 1 26 28 45 42 13 21 20 10 20 38 15 49 15 36 26 34 38 1 3 49 4 5 36 20 23 29 31 3 22 0 6 48 22 6 17 44 47 40 41 12 36 40 48 39 5 21 43 18 12 25 3 31 49 44 6 43 13 37 21 36 31]
	[7 36 48 26 6 35 1 23 15 9 13 44 21 7 18 18 10 39 19 3 28 33 24 24 25 14 24 45 26 49 35 9 40 34 6 12 12 16 48 23 6 29 7 33 2 35 29 29 7 37 13 9 39 26 14 9 3 3 38 45 8 8 16 2 36 31 1 45 34 0 27 20 42 24 19 43 6 33 9 38 14 30 15 35 47 44 7 30 23 14 7 30 9 18 19 7 6 21 9 31]
	[7 40 23 2 13 45 39 2 18 48 8 21 37 8 12 11 17 45 43 31 40 12 23 36 31 45 31 7 26 17 11 19 50 1 42 15 30 12 40 26 49 10 36 44 39 38 23 30 7 28 48 44 21 41 28 3 6 16 28 44 33 6 22 45 7 40 17 10 43 30 0 17 1 46 39 12 6 22 10 10 28 13 42 36 27 48 12 31 17 2 14 30 9 27 38 26 45 42 46 33]
	[4 16 1 19 7 48 34 17 18 25 18 2 38 31 41 37 39 33 31 47 13 22 11 1 25 8 47 45 41 40 40 46 17 49 10 11 26 29 42 39 26 11 8 33 33 23 49 46 41 1 27 4 39 43 1 20 17 10 35 44 8 4 28 7 35 18 45 1 36 2 49 0 43 27 27 13 8 25 19 46 47 28 36 45 17 35 8 9 49 1 30 11 21 33 24 26 21 14 13 47]
	[1 30 49 28 29 46 16 26 1 28 23 2 20 49 15 7 15 13 22 50 15 4 50 30 20 2 14 1 2 45 43 37 17 33 4 32 44 16 28 47 14 37 26 36 33 13 6 3 30 6 24 5 39 49 41 27 11 41 41 29 4 7 36 36 13 49 22 41 32 12 41 12 0 11 47 49 44 24 22 18 33 46 3 9 44 5 8 43 1 27 33 12 20 4 26 46 45 43 40 13]
	[17 44 45 16 43 30 48 41 18 4 26 20 44 44 25 9 48 8 41 44 48 19 4 38 28 13 42 48 8 31 10 18 4 40 42 36 32 24 46 39 36 22 15 26 43 14 21 23 42 39 37 48 50 40 50 49 49 20 48 8 33 27 5 4 16 44 9 27 10 2 2 44 15 0 9 10 38 25 23 23 21 42 1 19 40 33 42 31 4 46 45 25 4 8 28 22 16 2 2 11]
	[7 30 17 10 32 35 35 14 29 5 18 40 41 6 26 1 37 23 45 44 2 39 8 34 26 29 2 35 21 14 37 10 36 14 47 11 15 45 15 44 39 5 39 26 5 36 36 14 36 43 43 17 31 2 6 18 43 13 11 50 6 32 24 44 5 30 39 13 34 18 28 11 37 31 0 1 8 39 47 34 45 5 47 46 31 29 43 36 44 6 4 33 43 40 23 2 21 40 28 43]
	[33 20 2 12 30 22 25 40 6 40 1 2 33 26 43 17 22 33 46 5 28 12 29 43 5 11 18 14 16 39 38 19 30 4 21 19 18 6 4 44 37 9 17 43 10 20 48 49 26 15 1 28 5 16 7 1 37 40 11 23 11 33 23 36 10 40 1 11 5 15 10 27 26 10 25 0 7 40 40 39 12 41 6 28 48 9 25 15 8 9 11 29 31 12 35 20 34 2 15 46]
	[1 16 25 1 31 32 17 9 42 9 6 17 49 15 39 2 23 30 4 27 31 48 43 30 29 28 10 48 39 29 35 46 19 48 23 24 40 25 44 39 15 14 15 2 20 48 33 24 34 46 45 48 20 35 41 15 42 22 39 33 39 13 1 28 21 36 31 24 17 9 33 19 6 21 38 49 0 27 35 30 2 23 29 34 1 5 24 1 37 12 44 16 26 11 44 2 6 30 4 47]
	[4 43 41 25 6 32 20 18 9 49 23 20 38 31 31 6 18 7 7 17 2 36 32 28 4 31 37 33 19 11 2 2 11 50 1 31 31 14 18 29 23 14 27 18 23 10 28 25 49 25 5 13 35 7 32 23 31 48 11 10 26 35 28 47 45 23 22 32 6 43 25 49 48 45 40 2 44 0 16 47 20 20 34 4 18 7 44 22 46 47 33 39 42 36 17 30 44 50 3 14]
	[23 23 47 18 30 10 4 21 15 31 16 12 44 47 23 4 33 22 19 2 46 23 7 15 25 25 17 25 29 9 44 42 44 27 4 9 16 33 36 1 13 21 16 18 12 17 25 40 21 10 36 13 47 23 4 7 23 40 33 40 27 7 11 13 11 21 12 33 11 28 18 49 19 39 40 17 6 14 0 31 13 43 8 27 15 38 44 17 39 7 35 33 31 14 8 3 18 31 28 46]
	[40 11 42 43 24 47 36 31 45 2 1 26 38 37 48 17 13 17 10 24 4 42 25 5 8 32 38 27 31 30 7 31 22 30 36 8 2 23 2 7 3 40 22 22 25 44 17 40 19 44 10 21 40 41 13 32 47 50 49 49 40 15 36 29 47 24 48 39 8 22 43 1 23 1 50 17 42 17 26 0 4 10 48 18 3 22 18 29 4 14 32 43 10 15 33 48 35 37 11 3]
	[3 43 40 32 20 24 22 36 31 20 5 29 9 26 34 21 19 13 36 46 45 1 31 25 13 7 49 7 6 44 1 33 50 37 3 16 1 26 2 34 39 50 6 24 19 5 44 11 50 17 46 29 39 34 29 25 12 13 22 33 4 1 4 21 45 32 33 22 22 29 25 47 8 14 18 44 13 8 49 46 0 29 33 34 46 2 16 28 29 13 10 33 32 20 46 40 3 7 7 50]
	[7 34 15 17 16 39 28 10 21 5 25 7 43 40 18 42 1 45 7 48 46 47 40 2 21 26 5 42 44 20 14 36 27 21 26 22 43 35 18 9 19 40 40 22 13 9 3 34 36 23 12 10 44 46 17 37 21 14 1 43 38 9 20 10 29 10 49 17 27 22 8 24 3 34 47 30 34 49 39 42 6 0 26 47 34 23 23 25 43 9 42 24 8 14 14 4 50 35 43 36]
	[47 21 41 19 3 7 11 38 30 24 37 45 47 21 33 25 45 49 31 48 19 14 8 2 41 35 36 6 24 19 14 9 36 42 26 23 15 28 44 12 28 5 9 12 37 27 18 40 48 33 41 19 39 4 7 9 28 27 30 40 18 19 47 40 9 3 29 5 24 31 34 35 50 5 1 17 26 4 13 36 11 44 0 19 22 32 35 26 48 16 39 37 13 29 16 21 41 14 47 11]
	[17 11 44 30 12 13 45 27 7 25 39 41 6 15 28 39 11 26 12 49 17 42 9 30 31 38 32 40 23 26 32 4 34 2 31 21 4 18 10 43 7 42 36 13 14 45 39 24 49 38 28 32 3 18 3 31 18 36 2 24 5 48 20 11 17 33 38 40 22 15 12 4 13 11 41 32 23 13 20 11 49 6 29 0 20 18 48 48 40 41 18 15 2 8 49 46 23 49 12 1]
	[27 44 20 22 11 8 20 33 39 49 2 19 7 43 13 3 13 41 8 18 44 33 40 50 22 24 22 36 14 1 27 45 31 4 14 13 25 41 5 32 39 6 27 11 22 7 1 44 13 45 28 30 30 7 39 30 24 22 39 47 6 21 47 25 24 38 50 44 45 14 39 13 10 24 48 10 28 29 23 33 40 39 25 43 0 4 12 30 7 2 5 9 3 33 26 9 19 21 42 14]
	[26 27 17 13 24 2 24 37 10 5 31 11 27 24 13 23 19 31 39 36 11 46 35 45 8 43 35 39 46 21 17 48 21 15 1 48 43 26 13 6 50 25 39 19 13 3 14 50 20 26 16 38 4 21 48 14 39 1 37 30 32 7 31 22 34 25 49 20 16 49 27 14 17 19 9 47 30 35 46 45 48 34 32 45 25 0 27 3 45 25 11 36 1 40 1 19 42 15 28 47]
	[37 16 47 27 6 14 37 20 1 5 49 43 50 39 29 16 11 7 3 26 4 12 19 35 23 12 43 2 23 7 50 29 12 29 1 23 24 36 17 33 12 46 46 20 40 4 35 36 29 18 5 27 49 4 24 46 43 29 13 28 48 25 44 21 1 35 14 7 37 1 35 50 47 39 37 7 29 15 14 17 38 25 39 5 17 1 0 22 15 15 21 25 37 36 32 37 32 14 20 38]
	[13 22 38 25 16 13 49 24 31 41 49 45 4 46 16 46 36 32 28 48 32 50 27 43 1 12 8 20 25 3 46 30 43 23 10 12 12 12 14 21 6 28 11 25 34 9 11 43 18 30 28 28 19 25 3 44 37 30 3 2 10 2 34 42 6 40 4 30 38 47 24 23 31 45 1 27 12 38 47 3 38 15 18 35 50 27 23 0 40 13 5 47 6 9 28 11 47 30 15 43]
	[42 29 43 50 37 11 38 46 16 27 35 14 35 46 8 48 5 45 26 46 8 26 17 40 13 14 39 30 43 36 38 46 23 24 15 26 43 35 30 35 47 42 21 11 16 41 41 11 47 47 20 6 50 23 2 18 33 38 42 50 29 30 40 10 24 2 20 14 3 10 44 35 42 1 23 42 46 23 6 6 13 40 39 50 37 44 34 28 0 24 41 46 1 34 5 16 7 17 20 42]
	[14 38 16 12 3 8 24 17 49 43 39 39 23 8 26 47 28 19 37 50 30 46 29 3 41 8 39 14 16 15 9 46 41 1 18 23 20 39 5 34 28 40 23 40 9 44 40 15 30 7 23 29 36 43 24 34 50 11 14 33 28 6 27 49 27 19 19 8 49 48 45 4 18 11 4 5 13 24 44 8 14 35 36 39 7 20 21 20 23 0 43 40 43 11 27 30 8 11 21 31]
	[11 19 6 12 2 14 18 43 1 24 50 21 16 29 15 49 24 35 24 44 19 49 21 2 35 4 15 30 47 11 38 36 5 26 39 46 27 26 26 1 34 12 36 26 7 39 30 31 36 13 7 6 5 33 6 35 35 48 42 23 46 13 45 27 25 40 29 44 3 1 34 16 32 27 31 29 31 42 30 42 21 31 28 45 26 28 20 25 3 3 0 12 43 35 45 25 20 42 39 46]
	[10 12 26 17 29 37 31 4 25 12 43 23 19 18 12 22 14 33 46 2 18 38 35 29 2 16 23 3 29 27 36 31 16 4 5 1 2 23 19 28 13 31 34 2 22 32 30 25 12 33 9 42 32 26 33 14 16 16 30 23 10 19 26 44 47 28 39 2 11 41 11 28 3 36 7 13 31 18 8 31 39 27 40 6 33 5 45 43 35 48 38 0 24 23 22 8 20 29 38 48]
	[27 18 20 32 13 34 21 8 10 3 15 26 11 38 24 34 39 14 17 33 14 47 50 45 9 40 20 29 34 20 38 10 41 25 18 20 3 49 36 41 48 1 11 19 16 47 35 34 24 22 4 27 13 37 23 23 9 39 49 28 35 42 15 23 39 30 23 21 24 28 43 26 4 39 28 18 22 24 19 7 10 16 32 19 38 38 50 6 27 40 20 35 0 36 38 23 46 13 36 34]
	[50 1 31 30 16 10 35 37 45 38 10 9 38 41 15 37 34 10 17 29 11 23 49 4 25 38 19 5 19 23 32 2 41 8 15 34 3 19 20 35 40 17 16 16 48 14 34 6 18 22 22 12 9 2 42 26 31 12 46 31 31 18 36 40 1 21 32 27 38 25 25 7 22 43 48 44 36 10 40 29 7 49 21 38 48 30 6 30 6 9 35 31 31 0 45 46 6 24 31 22]
	[24 42 14 22 35 48 23 5 50 34 13 29 18 24 11 18 43 29 42 26 18 12 20 49 39 50 48 1 11 37 12 40 47 13 33 15 29 32 11 20 27 36 38 10 19 48 17 47 25 9 40 50 12 22 29 37 11 35 12 48 37 17 46 26 39 8 26 4 31 46 18 8 20 50 22 26 30 26 37 16 16 16 47 37 40 13 22 18 48 3 17 44 19 18 0 37 44 27 21 47]
	[31 46 5 10 46 29 46 10 29 44 44 9 43 34 11 40 15 14 3 5 35 39 15 5 23 35 43 3 19 14 28 9 29 32 43 38 3 8 31 39 33 30 49 3 14 41 35 45 17 20 48 30 46 27 1 33 10 44 45 6 12 27 7 25 29 18 42 45 46 21 20 33 41 49 29 33 49 12 37 39 23 11 10 22 36 9 40 21 22 43 31 44 50 34 46 0 21 24 15 13]
	[25 36 10 9 16 14 19 43 5 6 30 31 7 8 24 40 29 16 36 5 1 48 14 11 48 37 2 39 8 48 33 7 37 14 45 8 18 14 48 4 50 25 49 42 23 43 43 46 34 5 37 35 44 41 8 2 37 12 40 38 33 4 47 3 29 6 39 41 18 39 10 36 48 42 13 20 31 38 30 29 38 22 36 28 17 6 26 28 12 50 21 22 22 45 10 1 0 47 30 27]
	[48 48 24 18 16 5 43 39 25 38 48 44 28 45 26 35 11 13 22 23 31 11 38 42 35 25 32 30 38 11 9 39 46 39 15 19 43 25 35 7 45 31 41 25 4 15 7 33 22 36 20 5 21 37 27 45 18 24 13 5 21 1 33 34 45 14 1 45 6 43 10 28 38 33 39 13 47 40 14 33 30 37 30 47 25 42 12 21 40 34 43 38 41 28 13 18 23 0 13 14]
	[49 9 44 10 22 3 18 3 11 30 41 17 9 8 39 25 41 3 30 20 15 4 42 26 40 8 24 17 39 25 8 17 29 42 9 7 41 7 26 10 11 2 17 32 36 23 28 37 15 20 12 20 6 9 12 38 2 14 22 21 2 2 40 45 11 39 2 41 43 27 42 8 50 33 38 23 14 3 12 17 40 25 34 2 42 43 45 12 47 24 46 8 24 3 38 45 22 36 0 9]
	[12 8 28 5 23 25 47 4 41 12 42 38 19 18 33 7 3 12 42 40 27 7 8 3 46 13 18 42 8 38 3 43 19 9 3 39 34 37 21 28 29 4 33 38 39 35 27 48 47 32 49 47 40 37 10 2 35 45 18 42 22 20 32 24 4 14 14 20 32 17 47 12 25 19 47 22 13 40 38 2 26 39 35 22 40 15 2 12 50 11 34 50 48 29 30 1 30 26 28 0]
];