K=50;
N=100;
P=[21 3 40 18 49 18 23 7 41 20 23 3 50 25 23 13 3 22 38 11 19 5 35 1 2 21 8 46 39 34 31 4 49 17 17 45 17 20 13 24 10 31 20 44 44 27 1 24 9 11];
R=[25 39 21 38 28 22 32 48 33 48 4 27 15 7 14 19 6 49 10 17 24 29 5 27 26 30 1 1 17 6 45 7 3 11 6 40 5 6 10 40 20 5 15 35 23 3 48 45 32 49];
A=[5 2 3 3 4 4 5 6 6 5 5 5 6 3 2 3 3 4 5 6 5 2 5 3 5 2 4 5 2 5 4 5 2 5 6 6 5 5 4 6 6 2 2 3 5 5 6 5 5 4];
C=[8 40 12 1 6 6 46 46 11 46 31 40 30 21 8 46 6 18 30 29 37 26 41 35 22 20 8 26 3 6 37 43 45 9 50 18 11 48 17 2 22 16 24 28 45 7 15 48 22 50];
M=[
	[0 3 18 13 47 12 3 6 45 26 10 27 14 31 22 3 3 20 5 20 24 45 44 19 24 46 21 22 40 44 12 13 32 22 46 19 35 28 50 21 7 3 40 39 37 48 22 19 24 41 25 45 34 25 2 44 37 41 10 33 6 15 20 5 2 5 26 5 2 4 20 40 22 2 17 15 33 7 50 18 35 49 38 47 47 15 42 45 26 21 25 43 34 3 50 34 14 30 32 10]
	[43 0 46 41 3 31 20 50 38 15 3 13 28 39 14 43 48 13 37 39 2 8 20 48 29 11 35 2 26 19 35 2 19 30 31 45 32 45 22 7 21 30 25 22 19 24 36 39 3 32 21 43 47 41 15 10 10 12 47 50 33 40 9 46 13 38 26 12 39 7 35 47 27 48 42 11 3 13 11 22 40 48 40 31 26 18 27 12 23 24 18 37 4 44 45 48 19 24 28 37]
	[1 31 0 39 12 1 26 30 38 47 17 33 31 6 10 6 18 22 33 7 24 11 37 50 18 33 11 7 1 17 32 12 47 50 38 16 30 45 21 1 27 26 4 13 48 35 24 28 25 13 5 39 32 50 44 25 11 29 15 49 46 13 44 5 3 18 12 35 7 50 21 35 37 43 8 7 29 50 21 4 40 27 50 4 6 32 28 30 27 20 5 50 46 34 29 6 13 8 30 45]
	[29 15 18 0 48 50 13 30 13 28 50 10 28 16 20 36 22 23 36 26 11 38 30 22 49 40 5 44 47 48 34 21 22 31 43 36 9 38 41 32 45 2 11 41 44 42 27 22 22 31 15 20 23 5 18 39 20 4 33 27 11 4 22 49 11 39 24 25 50 17 6 7 15 11 20 41 45 12 27 2 4 37 2 20 5 8 7 4 33 10 2 38 14 36 46 13 41 15 36 27]
	[9 9 46 13 0 31 41 18 31 44 16 41 43 46 5 32 18 30 28 44 44 33 24 10 23 17 17 50 26 3 45 11 25 49 9 42 23 2 26 28 15 33 48 45 41 34 33 24 10 42 45 21 38 23 4 48 46 22 32 21 14 44 25 21 10 37 42 29 13 26 47 1 17 41 6 23 36 1 46 27 42 22 10 43 11 45 3 9 24 22 24 36 12 18 28 3 8 11 1 32]
	[36 6 37 38 40 0 30 45 7 33 17 41 28 47 46 19 30 10 45 3 34 45 12 5 17 21 46 43 19 40 30 40 25 25 35 9 38 48 32 37 5 44 38 28 10 5 25 23 39 26 31 32 37 30 26 14 36 43 46 19 38 36 10 20 4 31 31 10 20 1 13 8 42 12 35 34 48 38 4 5 14 41 2 29 18 40 2 4 8 11 9 23 3 48 3 36 16 39 26 17]
	[25 4 25 44 1 7 0 14 22 27 41 1 45 4 6 34 37 43 5 21 44 21 38 30 1 44 33 19 47 32 21 3 7 14 48 7 23 42 27 28 35 6 10 38 18 48 33 40 20 46 48 33 11 3 29 48 18 43 23 18 50 17 13 14 12 47 35 48 24 36 48 12 41 15 20 6 43 37 38 13 1 26 46 19 43 9 17 36 24 8 14 41 19 33 9 43 35 50 38 26]
	[47 28 22 11 7 3 10 0 6 38 49 27 17 14 31 25 44 13 37 33 38 42 18 31 5 13 18 28 41 41 13 35 17 32 28 7 48 42 27 2 39 27 49 14 45 1 8 16 31 20 39 3 33 31 38 11 40 32 32 13 24 37 2 37 47 2 28 46 35 19 44 16 15 18 38 12 14 5 45 7 32 2 27 13 26 37 27 43 11 16 14 8 15 46 47 19 26 15 40 23]
	[36 10 38 42 43 28 15 4 0 3 3 45 2 16 31 48 12 36 23 13 12 36 9 38 23 19 22 39 8 26 30 13 46 49 21 46 7 23 35 14 50 34 37 22 5 16 22 14 47 14 48 35 9 19 33 5 38 26 9 19 32 1 17 27 18 26 46 28 23 27 13 3 39 16 2 9 12 44 48 13 50 45 34 11 26 5 21 14 2 28 8 11 46 48 47 26 46 23 19 19]
	[49 17 41 6 26 42 50 45 39 0 13 25 13 4 3 40 45 3 50 10 19 39 48 24 3 12 46 33 19 50 15 11 29 39 40 41 32 27 18 50 47 50 46 10 36 36 13 36 21 4 49 31 44 26 42 28 13 10 5 28 31 34 17 8 26 6 33 16 13 18 24 48 44 32 9 13 45 6 15 35 44 5 6 33 1 36 3 29 30 6 27 1 27 25 9 16 7 37 44 12]
	[9 15 33 11 27 28 3 32 35 25 0 8 48 10 31 39 47 14 3 11 8 18 43 4 29 18 4 24 1 19 43 31 19 5 47 12 42 14 34 50 50 21 6 16 25 50 15 1 23 31 20 20 22 40 41 41 14 50 48 28 46 22 36 40 26 50 47 45 11 12 6 20 5 14 41 12 8 11 17 41 47 49 50 9 12 46 30 17 47 16 29 48 6 18 35 31 25 7 1 7]
	[26 21 23 13 31 31 8 33 11 10 15 0 1 30 30 28 46 25 22 3 28 1 45 11 33 43 39 11 49 36 35 14 28 4 22 26 49 21 43 2 31 22 35 19 32 30 46 43 32 42 40 45 18 44 49 15 16 3 50 30 18 16 9 34 40 29 40 3 21 3 13 38 19 11 14 8 8 11 49 29 26 45 19 48 32 33 22 49 15 11 41 13 50 49 50 34 14 12 42 15]
	[50 25 28 38 18 17 50 31 7 2 31 5 0 44 29 9 29 40 2 35 24 45 9 44 31 33 31 37 48 22 42 47 1 44 21 10 33 27 14 22 8 44 6 25 14 28 39 27 19 26 32 23 38 44 47 20 8 20 16 13 48 28 38 45 18 43 10 33 30 21 26 38 46 17 13 33 42 28 23 44 5 29 19 5 30 47 20 32 13 28 36 8 23 21 5 44 39 30 45 22]
	[34 40 20 49 43 45 41 31 43 25 47 25 33 0 35 17 45 3 23 32 42 42 17 6 30 13 43 3 38 43 39 49 1 16 3 50 38 10 33 21 33 21 27 10 13 12 40 8 3 42 17 3 22 13 15 20 4 49 5 2 9 20 26 39 5 23 4 4 9 21 43 24 30 27 31 47 28 8 16 40 12 29 2 36 15 37 7 19 22 39 47 29 47 47 17 2 36 41 35 42]
	[5 20 28 10 27 34 42 46 32 42 36 8 5 14 0 24 50 30 47 31 10 23 16 44 22 9 16 25 14 3 18 50 29 23 25 49 49 24 31 47 28 34 29 3 4 11 13 36 27 48 45 20 43 42 40 48 17 20 17 1 21 49 48 46 12 9 22 19 41 38 26 28 38 8 33 27 12 30 2 14 19 26 21 47 32 10 38 30 45 39 23 1 42 34 5 12 44 36 20 23]
	[5 19 36 23 47 22 46 17 18 36 35 10 4 45 27 0 46 50 33 30 10 28 5 25 21 20 21 49 39 45 45 24 33 35 39 21 3 24 26 42 2 7 26 18 17 9 38 23 12 42 49 20 36 36 16 29 44 35 2 19 1 15 39 38 18 20 9 11 14 44 33 8 35 12 15 38 46 6 37 28 7 30 42 44 48 23 24 35 44 36 16 16 13 9 38 7 4 26 36 35]
	[38 28 13 13 24 48 13 8 44 28 10 19 47 33 16 36 0 9 50 26 11 9 30 43 49 48 37 7 38 43 26 31 32 11 13 32 40 23 6 18 2 37 27 16 16 41 35 43 6 41 28 31 36 37 31 33 12 1 1 8 40 32 35 16 13 19 26 21 3 8 45 9 29 7 9 14 44 35 15 14 20 13 29 48 34 39 22 5 12 50 9 33 1 2 47 21 25 21 35 36]
	[34 28 34 9 8 13 25 49 20 49 5 18 39 5 2 12 2 0 34 15 50 10 19 29 46 14 7 48 34 11 4 35 23 11 37 41 20 50 46 1 4 40 40 48 44 6 28 38 44 15 34 15 35 4 21 48 27 38 28 36 12 7 14 16 38 48 9 42 49 29 9 11 26 6 2 39 6 4 35 47 22 20 16 35 32 30 12 12 10 50 29 24 2 28 2 14 37 48 47 40]
	[49 5 13 44 34 46 27 50 50 43 43 31 28 42 37 47 30 25 0 34 18 23 15 28 42 37 35 40 11 13 29 19 2 50 28 15 48 19 32 41 30 49 27 11 1 18 3 10 45 49 42 25 31 34 20 2 20 8 39 6 45 35 3 41 48 29 14 32 16 48 13 27 42 21 32 6 9 40 6 16 34 16 15 29 23 20 20 12 36 25 50 31 10 24 42 15 17 16 13 8]
	[4 17 49 49 43 44 23 19 22 9 37 26 9 29 1 47 20 36 36 0 33 18 33 12 7 9 21 13 29 1 26 37 3 19 6 44 20 13 31 43 48 13 49 19 32 4 47 11 35 26 41 17 5 34 8 5 38 15 36 34 11 17 2 44 41 32 16 11 13 31 37 24 42 48 29 41 42 17 17 30 9 40 39 9 37 15 33 35 22 30 29 28 29 49 9 47 49 40 45 10]
	[36 44 7 48 40 2 21 2 27 38 21 8 37 20 7 6 25 1 23 46 0 21 15 43 27 38 45 26 14 17 17 24 30 17 40 49 12 8 15 21 19 12 31 14 26 21 50 13 14 34 46 2 50 18 28 20 25 47 4 6 34 9 43 18 50 34 14 36 26 47 46 12 46 5 49 3 28 45 23 41 29 50 44 40 1 10 10 43 16 6 25 29 29 5 9 24 39 40 37 31]
	[33 49 50 22 46 9 7 26 43 27 36 43 18 30 48 41 3 22 2 44 4 0 43 6 35 37 18 14 26 32 32 47 26 47 16 23 29 49 10 35 22 26 49 10 47 1 46 34 6 16 33 43 16 24 15 12 48 34 43 24 24 15 10 30 45 25 37 41 35 10 18 13 15 41 43 11 6 50 12 18 26 26 46 39 9 35 5 4 26 43 13 25 21 50 32 4 27 45 4 35]
	[1 6 31 22 25 26 29 18 35 16 50 23 4 19 3 17 28 47 41 48 24 40 0 9 44 30 10 32 45 8 20 44 48 44 13 4 31 43 15 11 43 4 40 23 34 44 49 46 26 28 43 17 16 39 14 35 49 45 28 26 22 34 46 48 15 34 29 50 21 39 41 23 17 42 3 33 10 17 21 10 13 18 30 14 46 39 37 36 25 19 22 25 29 34 1 26 19 16 46 42]
	[2 49 11 13 20 48 42 42 21 1 13 46 50 18 26 12 7 30 27 13 30 28 13 0 25 49 31 17 13 11 4 45 43 48 3 42 24 13 41 7 21 34 37 24 36 35 19 49 3 20 21 34 29 47 48 9 30 29 16 43 48 2 21 39 20 29 9 1 15 43 1 31 16 23 36 13 23 3 41 48 12 48 32 12 5 16 8 50 2 3 50 34 29 37 4 22 4 21 22 35]
	[24 13 42 46 37 17 44 14 16 34 34 14 7 27 4 35 14 33 14 17 36 32 25 41 0 50 25 26 7 35 15 23 15 38 38 43 26 40 4 23 35 7 25 33 47 33 42 45 43 40 16 7 11 24 50 11 39 18 8 42 13 16 25 44 37 30 10 36 19 8 40 9 8 5 36 48 46 14 2 28 23 37 42 36 2 23 35 30 17 33 22 36 34 43 20 32 5 31 38 33]
	[27 30 19 20 40 47 27 49 48 35 15 33 11 12 11 17 47 34 37 14 21 22 41 14 28 0 50 41 20 17 31 38 13 43 15 48 27 18 6 14 26 37 2 17 12 32 45 49 25 43 47 5 30 33 7 31 19 44 1 30 41 35 29 40 41 13 5 34 32 6 1 1 14 19 14 14 43 19 8 15 28 37 26 26 35 9 50 45 15 31 36 42 28 25 20 39 22 14 34 45]
	[28 5 29 14 33 48 2 26 22 43 32 13 50 3 41 37 48 43 3 47 43 26 6 41 35 11 0 48 6 1 41 39 17 33 46 30 9 30 41 47 50 34 46 2 20 5 2 32 30 15 6 35 21 19 32 23 5 22 24 18 4 15 16 4 2 1 45 5 50 7 49 6 22 37 6 39 15 42 9 8 34 38 16 12 25 31 39 43 35 13 45 50 10 14 29 5 43 23 29 38]
	[25 50 8 34 10 3 18 26 26 19 28 4 44 24 39 40 43 10 22 27 35 8 11 31 3 3 41 0 28 5 8 35 41 13 8 23 23 22 45 44 33 14 41 24 32 11 1 37 6 40 11 47 46 31 35 6 38 18 39 26 20 47 4 24 46 46 29 33 50 38 30 49 38 13 9 16 25 20 38 49 33 8 8 4 2 7 17 30 24 22 30 15 38 31 22 26 28 38 34 6]
	[50 50 12 36 35 35 43 2 15 28 19 8 34 23 45 12 8 24 7 28 33 9 35 36 18 28 30 36 0 10 24 5 22 35 16 31 15 19 2 41 27 38 31 4 13 1 49 6 5 14 31 9 18 46 28 46 20 47 4 20 26 21 28 22 43 32 16 20 34 20 45 21 5 27 19 19 27 12 18 45 2 9 14 45 26 12 4 38 50 38 33 17 48 20 5 25 49 34 1 4]
	[31 30 34 34 41 26 23 42 7 12 22 28 44 22 47 22 46 41 10 22 46 48 38 12 32 5 41 18 22 0 42 2 47 45 14 49 29 49 45 18 14 23 49 2 31 46 25 49 15 40 45 38 27 41 25 28 41 39 16 31 30 6 18 8 15 40 41 25 38 1 39 9 39 18 36 13 20 21 21 31 26 23 13 3 45 24 34 26 32 23 21 43 43 35 38 46 27 36 48 29]
	[13 39 1 9 30 31 15 2 20 45 29 22 43 50 2 43 9 42 37 41 18 20 28 38 8 5 41 30 27 40 0 18 1 11 45 32 35 42 30 50 47 11 50 19 17 39 48 23 14 33 1 19 21 28 12 48 11 27 22 15 49 2 45 14 23 22 35 5 9 41 43 47 35 39 41 29 21 11 28 14 6 46 1 37 38 1 20 13 32 20 15 17 15 3 46 14 8 28 29 1]
	[3 31 36 27 29 49 24 46 37 48 15 39 48 14 17 50 34 35 22 23 42 32 36 6 7 9 27 42 23 42 34 0 7 37 19 36 25 17 29 33 45 14 29 44 12 7 27 21 48 49 42 39 16 39 45 5 48 45 44 46 47 3 13 43 2 43 27 7 14 4 18 14 37 47 2 41 17 5 34 39 33 32 1 41 23 4 27 32 43 43 13 35 34 31 36 30 32 27 32 18]
	[14 10 16 33 45 19 7 34 11 20 36 41 14 36 23 19 43 11 17 39 17 21 11 43 16 37 10 5 12 46 44 25 0 7 6 4 5 27 46 47 41 35 44 39 17 43 31 4 42 9 35 37 41 49 9 10 2 28 12 31 42 36 9 34 45 28 6 7 11 10 5 3 24 20 32 50 26 5 20 43 49 11 23 34 46 22 40 47 41 42 36 49 24 21 41 24 25 21 43 14]
	[29 2 22 32 18 50 37 25 45 6 36 37 29 27 28 6 46 41 13 11 45 46 28 45 8 1 41 38 6 29 35 38 38 0 34 33 22 33 22 35 2 34 13 35 43 31 6 29 11 23 17 13 38 4 46 32 44 3 11 15 20 18 3 38 16 12 14 29 36 43 17 22 5 39 43 30 31 5 42 49 47 33 2 29 46 27 33 40 48 3 22 23 37 37 27 25 35 47 14 26]
	[4 39 4 18 31 31 20 33 25 22 30 38 29 14 46 18 19 37 29 15 23 45 19 43 2 46 20 3 48 48 1 1 9 27 0 26 20 10 36 24 29 42 10 16 44 28 39 50 7 44 1 23 15 23 29 46 35 49 33 2 9 11 23 17 29 26 10 30 19 14 3 36 40 21 14 47 16 15 39 28 7 1 17 35 44 32 10 19 24 9 32 49 15 30 26 41 13 7 42 26]
	[10 44 36 36 45 4 38 43 28 7 31 10 25 5 3 6 4 18 25 35 14 49 6 20 11 49 48 49 7 41 45 45 1 2 48 0 8 24 3 9 2 12 50 6 31 2 35 9 17 18 45 46 27 37 38 47 1 3 8 15 15 27 5 10 49 24 18 21 23 20 47 13 29 30 48 14 42 14 33 18 5 17 10 10 8 39 2 2 17 43 43 3 4 25 44 9 32 20 44 25]
	[14 15 50 18 5 15 37 15 6 49 25 2 23 41 41 8 23 19 35 6 44 23 16 3 29 33 22 44 42 6 42 42 49 27 18 12 0 22 31 14 40 30 23 47 43 3 38 6 7 33 1 11 26 34 2 38 5 25 40 11 45 39 15 35 15 32 40 16 26 27 33 49 34 20 50 20 35 20 3 19 37 50 15 41 20 10 18 22 22 40 43 35 13 19 47 22 16 50 3 12]
	[1 48 4 8 33 9 47 7 5 10 1 1 34 45 19 32 39 32 23 13 35 37 32 48 22 41 19 46 17 50 18 44 49 21 41 10 37 0 37 22 39 15 50 44 45 2 33 10 45 38 21 27 17 17 2 39 15 44 21 34 25 30 46 13 40 26 37 42 42 13 1 13 25 32 50 41 27 8 31 20 34 42 18 25 29 25 34 38 11 42 7 31 26 6 27 45 7 24 32 43]
	[42 26 20 29 40 45 25 13 47 8 37 13 41 46 16 10 31 47 40 31 3 5 30 36 26 13 6 48 27 4 9 37 3 11 36 46 15 26 0 5 42 30 31 3 48 23 10 49 35 37 40 43 1 33 25 27 3 18 14 38 16 13 23 15 9 15 37 22 43 31 44 4 28 20 18 34 29 40 44 19 35 20 41 41 27 9 38 47 15 44 46 36 1 12 44 46 14 12 17 38]
	[42 30 35 19 42 32 21 39 20 47 1 25 14 22 35 35 12 35 21 23 37 15 10 50 3 41 38 41 19 37 12 34 41 37 13 38 17 21 44 0 18 21 26 28 38 20 39 12 18 42 18 37 47 7 15 39 19 38 26 10 21 4 28 35 25 46 38 15 20 18 34 15 14 37 41 32 23 4 4 38 40 17 34 40 13 36 18 23 2 49 31 47 25 40 36 30 1 50 40 10]
	[13 28 45 50 10 34 19 28 42 4 11 5 17 42 3 41 46 2 5 39 14 1 39 10 2 8 26 23 40 12 47 5 4 16 16 9 47 12 50 7 0 2 12 50 14 18 17 33 29 41 24 42 3 50 6 31 17 17 29 8 27 3 22 28 22 6 24 3 8 28 24 12 19 7 19 15 8 34 34 49 46 30 8 44 3 17 35 43 44 13 16 16 13 29 2 33 31 34 19 27]
	[17 27 1 48 48 39 32 41 36 43 14 2 7 26 15 11 34 21 48 38 37 31 29 31 11 24 40 37 20 46 6 13 42 30 32 18 27 21 4 5 21 0 25 47 46 6 14 19 42 30 42 20 37 5 29 1 47 34 40 33 45 35 50 37 50 37 18 18 45 17 24 39 21 42 9 11 21 49 27 14 37 2 12 41 43 44 24 11 37 20 16 46 49 6 29 21 23 49 12 35]
	[26 23 20 6 35 32 38 38 44 11 29 6 28 21 2 40 46 1 47 6 46 19 14 9 16 25 4 31 15 30 46 38 6 5 40 46 12 19 12 1 28 3 0 47 15 41 49 37 21 27 30 1 46 30 13 3 19 43 38 43 35 31 14 6 13 49 22 35 26 40 22 12 12 34 5 42 30 6 50 32 37 49 42 21 35 11 17 44 37 27 49 31 46 10 34 50 21 4 37 35]
	[47 48 17 7 49 35 11 23 36 13 23 4 47 31 38 35 24 50 42 34 46 27 26 40 34 48 4 9 38 2 12 46 37 34 7 12 24 41 15 43 40 43 22 0 19 7 28 1 11 20 3 16 5 12 19 13 46 44 36 10 24 2 21 24 24 15 11 5 13 9 14 41 10 39 13 39 16 13 6 18 17 43 5 21 4 17 42 10 8 25 24 34 22 3 45 50 36 49 7 31]
	[24 46 10 50 35 39 38 17 15 42 14 14 20 50 11 7 36 15 49 1 26 20 48 48 27 38 2 11 25 22 15 5 36 48 45 20 37 50 6 43 44 38 18 42 0 38 29 7 46 7 46 33 20 2 31 47 41 34 1 16 7 7 11 20 18 46 2 29 47 8 43 21 47 29 29 35 19 33 25 15 13 10 36 47 15 4 37 15 7 31 27 19 10 50 49 39 42 31 30 44]
	[30 39 15 29 24 31 43 6 39 45 9 6 35 39 36 8 36 13 19 4 39 27 42 25 18 1 3 35 45 24 2 14 6 40 45 8 46 4 22 34 3 50 10 15 16 0 11 44 24 35 4 17 23 21 23 16 3 3 13 1 18 20 37 40 11 37 17 13 8 49 16 27 28 12 35 5 50 21 36 29 38 16 15 15 18 15 39 23 19 46 10 36 27 34 34 27 26 47 35 6]
	[39 9 49 11 41 17 37 23 26 15 41 4 36 14 21 15 14 6 10 1 36 1 3 44 35 49 34 25 38 7 31 34 16 22 4 29 4 50 26 39 28 21 12 42 11 19 0 23 3 48 29 30 48 27 2 8 26 22 16 45 49 4 39 3 25 9 38 49 9 45 33 41 1 38 8 39 41 19 35 29 34 39 34 8 40 29 38 39 8 22 46 15 35 18 33 23 18 33 35 31]
	[18 14 33 44 30 20 8 43 10 33 15 8 49 43 15 13 10 49 19 36 33 3 22 29 3 24 43 46 32 6 48 17 9 41 48 39 45 21 40 1 31 38 14 43 17 31 5 0 3 12 31 26 39 16 21 7 42 22 31 3 44 21 21 49 10 43 33 24 20 38 37 16 45 7 33 17 28 21 29 7 24 8 27 17 6 8 3 6 23 36 18 46 5 48 42 34 48 11 50 19]
	[29 44 11 34 41 24 43 38 38 27 1 47 42 31 5 42 23 46 36 18 17 25 18 17 30 16 48 14 30 41 7 31 7 37 16 1 43 3 6 47 16 45 30 7 35 28 36 19 0 21 17 1 45 45 12 18 3 37 4 20 3 25 20 10 40 49 35 42 44 32 2 25 5 2 36 32 48 22 47 44 5 28 46 41 49 42 32 5 1 1 16 18 22 28 42 2 18 44 20 18]
	[38 32 28 22 35 26 27 47 3 25 19 25 21 28 41 2 13 27 2 21 23 40 32 8 49 50 28 22 4 22 18 21 3 27 8 2 16 15 50 23 43 29 2 43 11 20 1 43 17 0 15 32 7 49 8 7 50 44 22 24 48 40 7 19 50 24 10 16 43 11 46 1 47 12 28 35 40 45 3 35 3 49 44 44 34 45 14 17 14 20 31 10 26 25 4 15 9 42 39 37]
	[8 37 5 45 32 15 43 36 4 6 37 43 14 48 7 49 40 6 46 11 25 24 19 39 5 23 7 4 41 22 30 11 28 8 8 5 44 41 7 41 3 37 18 34 50 39 23 20 47 20 0 6 5 47 33 16 26 2 23 8 15 47 14 25 4 32 35 34 5 32 17 30 30 38 31 17 9 14 22 32 5 4 31 37 14 40 17 33 30 6 12 42 47 19 19 9 36 1 40 19]
	[12 22 44 49 26 6 4 17 43 12 38 44 43 43 36 9 18 46 3 35 41 10 8 32 40 47 1 18 19 22 18 19 46 32 39 34 24 12 18 44 47 41 42 10 46 49 31 40 45 16 8 0 4 24 48 45 21 8 28 32 8 21 44 21 8 48 17 2 10 37 9 26 49 49 50 42 50 3 31 3 16 41 26 10 43 34 39 32 25 9 27 22 22 7 7 36 26 10 8 28]
	[10 38 11 24 46 20 1 41 18 43 27 32 22 34 24 47 19 46 44 48 4 4 5 46 43 50 18 35 42 21 37 8 16 25 15 33 25 31 8 39 25 24 47 1 13 41 44 43 46 37 6 41 0 16 33 48 31 45 12 2 5 36 8 2 36 39 33 40 28 30 40 19 50 8 41 33 43 24 25 12 30 17 6 16 25 36 18 34 26 38 21 42 31 32 29 7 36 40 11 32]
	[4 36 9 17 12 27 11 24 19 38 25 31 9 48 20 36 30 46 16 37 39 1 27 12 8 23 32 3 31 19 34 50 4 11 3 12 17 4 50 28 26 25 15 9 15 32 27 40 15 6 43 6 9 0 39 35 8 24 47 5 25 50 38 36 11 16 3 16 7 4 48 9 26 21 26 10 36 12 43 26 34 17 25 7 27 4 49 15 41 31 38 38 36 25 43 22 40 48 35 17]
	[2 50 28 41 30 7 4 12 16 7 26 7 35 48 31 39 27 45 37 41 18 23 3 14 23 39 43 37 24 18 34 34 39 49 8 48 19 8 41 16 16 29 44 9 2 8 49 39 37 45 45 35 26 42 0 21 4 4 1 22 30 40 16 18 12 12 33 25 48 5 50 35 2 46 32 44 11 3 31 16 50 23 3 17 29 42 36 18 18 49 45 32 33 26 23 7 10 26 27 27]
	[5 47 9 46 25 44 41 17 37 40 4 7 44 6 3 20 26 10 41 42 23 1 30 9 5 45 24 43 30 28 29 48 32 31 40 1 40 9 18 8 12 5 49 37 41 9 39 13 41 23 41 11 2 23 41 0 39 40 40 21 2 16 46 44 35 13 12 49 7 49 22 12 22 6 8 36 7 8 14 41 38 5 49 5 43 37 50 35 46 25 8 6 10 48 44 26 14 48 44 11]
	[19 3 10 46 24 1 26 29 10 17 7 28 30 48 28 40 33 42 48 25 47 31 17 25 27 48 29 29 42 31 35 28 46 17 45 27 30 32 11 39 3 21 27 40 21 50 47 21 15 1 1 16 16 48 16 5 0 23 5 24 13 38 35 37 40 45 1 2 34 19 12 27 14 32 35 26 27 6 30 8 10 50 26 39 15 35 25 44 2 23 25 8 23 47 46 25 9 2 22 22]
	[43 39 9 31 28 41 7 35 26 40 26 37 32 14 50 23 13 16 10 40 3 22 11 27 17 24 37 22 44 45 31 6 1 19 5 18 5 37 13 41 49 42 30 11 30 27 35 15 50 19 40 43 18 6 10 30 26 0 36 16 30 42 30 27 9 19 47 40 42 49 48 46 21 47 35 27 15 28 25 7 10 23 25 25 43 29 32 27 28 3 49 2 20 33 20 49 39 23 32 35]
	[24 6 36 33 36 24 44 14 17 32 31 34 41 12 7 29 26 31 2 17 11 9 32 3 5 3 48 17 32 18 47 35 10 12 37 23 22 19 40 3 28 23 30 30 38 38 26 1 26 22 46 44 12 16 38 9 47 22 0 11 20 30 26 46 6 30 22 23 31 32 25 14 46 14 47 11 28 41 41 28 24 29 45 27 36 23 33 47 8 8 28 5 19 41 20 44 24 3 48 34]
	[18 20 4 12 11 16 2 20 48 26 35 35 40 45 34 32 32 25 26 31 48 25 14 41 15 2 46 39 19 2 34 19 40 31 34 33 16 44 46 1 2 22 21 5 8 16 20 40 16 22 24 8 41 29 36 19 14 25 41 0 14 41 6 27 3 19 29 49 22 4 42 3 19 33 5 43 44 2 11 50 21 39 14 25 23 27 30 27 8 20 40 5 12 5 1 1 44 46 38 13]
	[12 42 3 32 42 26 25 31 44 31 6 19 36 47 7 8 4 35 41 49 3 43 30 3 42 21 32 10 6 47 12 42 26 43 38 13 35 35 28 44 22 41 19 11 25 32 44 23 5 47 48 9 21 13 1 25 26 36 19 3 0 36 48 13 22 40 12 31 4 15 23 44 32 12 31 41 8 50 3 6 18 4 30 42 25 23 17 24 16 11 11 36 19 42 31 42 30 31 50 44]
	[18 30 44 42 1 19 1 49 20 33 6 43 31 16 37 23 28 26 6 18 26 38 42 16 1 50 5 47 36 37 18 42 2 9 46 39 16 2 11 38 35 14 24 23 21 28 46 30 10 1 45 29 4 2 2 34 27 15 47 40 43 0 17 44 26 41 28 23 31 30 7 5 33 10 47 6 27 36 10 14 44 6 46 42 13 4 44 25 47 21 8 12 44 28 16 17 29 25 50 18]
	[25 18 11 13 45 15 4 40 2 4 20 33 28 29 25 33 37 44 44 22 45 18 40 21 44 3 14 33 19 26 22 6 40 33 49 29 3 19 47 28 49 35 40 26 23 6 30 27 7 11 45 7 6 10 6 41 23 37 42 19 50 46 0 39 3 50 11 49 19 6 45 33 42 34 24 45 47 47 14 18 25 39 4 40 7 26 16 33 5 36 32 5 26 24 3 23 30 22 34 49]
	[41 24 50 43 3 44 17 20 38 32 3 13 28 43 39 12 25 35 7 43 37 44 18 5 39 34 28 14 9 22 40 30 16 18 17 21 11 50 2 5 6 15 46 27 32 31 26 12 41 28 25 45 44 25 38 20 27 31 32 37 31 24 38 0 8 47 50 10 30 14 36 49 33 32 11 16 44 28 11 44 41 10 49 16 35 22 20 3 4 44 41 27 44 11 26 31 32 34 36 2]
	[42 25 7 10 50 9 25 21 39 5 33 48 15 32 7 38 18 6 31 16 38 12 37 36 24 44 2 37 50 16 33 34 34 2 40 50 11 45 49 12 6 7 8 33 10 45 4 42 46 27 42 28 11 4 26 13 29 46 36 14 31 18 27 29 0 4 7 5 41 43 40 23 40 49 39 17 16 13 36 26 50 27 11 39 17 45 46 36 32 20 14 14 26 40 31 6 18 18 39 32]
	[22 11 33 27 24 34 45 21 6 11 2 2 12 12 43 41 3 27 23 34 45 21 9 34 10 3 45 6 26 34 13 40 4 20 9 4 11 19 30 7 24 10 10 37 42 34 3 25 5 4 47 18 12 13 28 21 42 46 19 48 40 41 42 22 17 0 12 24 35 3 5 34 36 4 19 48 15 50 20 44 29 24 10 4 14 20 38 36 4 32 37 49 10 22 11 19 19 10 17 39]
	[13 44 42 2 50 31 18 48 5 1 45 16 47 32 19 37 22 14 37 32 46 38 42 26 24 15 20 6 2 10 6 21 35 43 4 48 27 16 37 44 43 17 32 12 31 9 31 13 48 35 28 28 39 21 38 50 29 45 33 16 28 10 24 23 23 30 0 45 39 45 40 22 20 15 24 48 13 50 21 32 36 5 10 24 17 21 36 18 29 33 38 49 26 45 8 15 25 45 10 27]
	[20 15 37 8 49 44 23 27 29 7 31 21 23 29 3 35 37 27 12 16 3 45 41 24 21 49 27 10 46 40 24 17 33 2 10 26 37 42 39 48 38 25 8 21 19 32 32 16 31 31 9 37 12 41 14 22 25 34 11 39 44 32 13 31 11 31 16 0 35 34 2 18 9 16 40 39 12 12 26 15 25 2 39 19 4 49 17 18 45 23 25 23 29 14 41 45 7 15 47 10]
	[16 42 27 12 8 16 18 20 23 10 36 6 28 33 3 34 22 29 34 17 25 43 7 6 41 41 42 17 29 49 43 34 49 46 4 43 17 10 28 44 2 11 44 30 25 38 30 21 7 23 27 42 1 13 5 28 30 43 32 38 33 24 28 32 24 34 23 16 0 20 44 16 26 19 33 12 23 9 14 11 19 42 15 49 30 28 25 43 1 12 42 48 27 6 11 37 9 33 32 33]
	[7 26 43 9 46 20 18 3 4 20 49 32 34 29 12 35 46 20 25 47 31 5 16 16 26 1 33 41 24 49 48 17 31 39 38 13 13 14 28 40 42 34 47 50 25 43 37 14 1 15 38 49 6 46 39 6 2 7 45 3 40 18 22 22 41 9 30 46 16 0 46 7 37 15 21 40 24 2 49 10 35 18 18 44 16 14 3 14 14 37 25 13 43 30 26 2 42 10 11 39]
	[4 4 8 48 13 22 41 2 41 26 11 8 17 4 7 50 41 31 33 4 40 19 10 40 15 50 16 35 7 48 27 31 30 49 3 3 36 40 20 17 5 44 24 33 30 48 34 34 41 15 15 30 11 44 25 48 26 41 35 34 42 16 32 35 21 22 31 16 10 43 0 1 32 10 6 28 12 32 18 32 49 42 11 18 5 43 5 33 5 12 26 18 50 37 6 39 25 21 38 27]
	[9 43 31 16 1 10 9 45 21 27 7 26 39 29 18 26 47 47 12 2 40 7 19 20 33 13 13 32 50 11 26 5 26 5 4 25 22 45 27 31 49 41 1 28 20 28 17 48 46 11 29 30 28 49 33 9 27 39 34 4 48 34 31 24 34 3 20 27 22 6 10 0 38 18 1 31 30 32 1 24 19 35 5 19 32 12 36 10 48 12 1 15 21 23 36 31 19 49 36 34]
	[16 11 40 44 39 20 26 32 6 15 22 32 31 41 27 40 35 29 33 1 31 19 39 21 14 7 38 11 18 41 48 12 16 31 28 44 7 48 3 22 38 32 44 18 9 37 17 22 28 25 5 29 32 19 17 22 9 5 50 21 45 17 5 31 26 28 46 11 21 45 25 39 0 2 49 43 25 32 17 43 14 38 43 44 17 29 13 14 45 43 1 50 25 49 21 12 46 17 42 45]
	[6 22 15 47 17 45 35 22 46 12 8 7 46 4 34 42 41 8 5 50 18 25 25 4 25 8 21 19 24 2 27 32 18 34 34 50 24 19 37 4 44 24 1 8 23 37 22 35 6 13 7 11 19 21 49 2 50 28 22 30 42 20 21 31 1 1 22 33 30 32 35 48 29 0 25 28 12 31 21 18 46 37 33 39 8 6 5 22 50 26 48 5 20 29 5 33 47 28 19 11]
	[18 28 44 40 33 29 37 49 28 33 23 2 30 28 42 9 29 44 14 7 41 46 45 35 23 44 26 26 15 48 30 31 42 22 49 43 48 22 49 2 3 21 13 20 33 35 22 36 21 15 10 40 5 24 31 48 44 21 48 31 15 6 9 27 40 27 8 24 6 43 8 4 25 48 0 49 33 9 22 30 22 5 44 29 1 21 23 38 35 21 46 41 34 14 44 41 44 37 13 33]
	[1 28 49 41 3 3 23 31 32 30 26 20 19 29 8 24 6 25 42 31 35 43 46 5 28 13 13 39 43 4 43 46 44 19 30 13 25 49 26 48 47 20 6 30 42 1 49 36 2 32 16 48 7 35 15 15 8 43 37 22 31 21 36 30 47 6 3 38 19 4 22 7 4 43 40 0 44 32 50 21 48 10 26 1 26 12 48 13 15 19 28 34 19 11 48 39 46 29 30 33]
	[47 29 15 8 13 9 25 1 37 4 43 32 36 24 27 16 2 13 27 50 12 39 37 27 24 43 37 23 20 21 40 30 36 30 25 32 40 1 25 38 21 22 37 29 42 33 29 34 18 40 2 40 14 38 29 49 5 18 50 27 29 47 33 26 42 13 23 20 41 30 14 39 19 39 50 45 0 18 27 15 26 48 20 26 39 18 36 1 29 41 27 22 7 36 1 45 33 22 4 22]
	[23 25 6 14 32 49 1 2 4 45 34 20 36 12 14 1 49 17 42 11 10 42 44 16 12 4 37 37 12 9 23 48 33 46 43 33 36 12 35 5 32 22 6 33 30 42 5 34 29 44 31 41 47 15 42 16 6 44 47 25 11 26 15 46 31 16 32 29 30 42 35 21 40 39 8 24 41 0 35 17 14 5 5 4 30 41 15 25 22 5 9 3 1 33 1 15 14 33 18 26]
	[21 23 34 38 18 12 41 6 28 4 8 45 8 1 46 29 43 21 9 7 8 18 37 11 42 40 6 32 25 45 37 25 27 49 43 40 24 28 40 17 38 9 18 43 34 7 44 17 18 19 35 26 23 40 26 37 35 8 10 34 22 1 23 42 50 15 43 3 15 22 9 35 2 21 26 24 34 44 0 21 24 27 18 47 22 29 3 11 34 27 13 4 2 50 43 36 23 42 47 32]
	[10 33 14 33 10 50 13 1 4 2 34 9 14 2 22 16 4 1 4 5 15 33 3 20 29 50 19 46 14 49 24 44 37 40 21 28 19 44 18 36 39 33 28 47 26 23 34 7 36 4 48 10 49 50 48 18 37 45 40 8 45 15 19 19 21 14 33 10 23 37 30 32 2 38 19 13 9 34 39 0 18 3 36 4 18 13 28 12 32 43 15 19 39 14 36 37 16 14 29 17]
	[16 14 20 24 45 2 41 48 34 45 23 11 21 41 45 31 41 47 41 42 29 45 45 29 14 36 49 9 29 23 47 29 49 39 9 5 8 16 26 45 40 28 31 40 9 31 35 24 19 22 44 22 10 42 46 24 33 24 30 1 19 47 47 7 34 11 22 13 40 21 34 46 47 8 48 42 3 32 31 48 0 38 15 7 37 1 9 10 36 41 23 47 1 38 8 2 41 19 27 40]
	[14 30 8 41 26 44 21 39 48 20 9 28 42 4 47 15 12 1 50 50 16 18 44 39 9 20 34 12 21 40 15 48 10 12 47 38 16 33 44 30 8 42 42 11 42 44 11 16 31 33 10 50 16 35 17 25 11 47 42 27 7 6 43 19 29 41 20 5 47 27 19 49 39 11 50 31 8 26 46 34 50 0 25 12 41 32 41 39 32 44 38 33 14 49 33 46 17 11 44 24]
	[42 42 48 27 47 34 26 48 2 44 28 34 49 49 1 5 37 32 7 21 18 34 24 12 41 30 3 32 46 40 22 37 18 47 31 40 47 15 16 44 22 9 15 18 16 3 31 46 18 3 16 4 41 11 46 9 49 41 39 7 41 18 21 34 21 19 15 25 26 29 46 36 42 41 29 16 13 12 45 9 8 46 0 42 16 8 6 44 29 6 26 47 48 41 13 3 42 13 23 22]
	[31 9 43 28 12 3 23 19 33 4 20 6 14 27 43 42 17 18 35 14 12 7 31 43 48 40 21 37 37 40 26 42 49 42 9 38 42 35 21 10 47 2 48 5 38 37 32 3 28 19 26 34 29 18 2 13 3 14 32 33 20 28 13 26 10 20 6 40 42 38 34 21 8 6 27 15 47 15 1 6 23 33 25 0 8 42 15 42 31 40 42 19 22 39 8 49 15 19 43 9]
	[34 24 23 14 31 4 17 30 16 14 14 25 44 47 36 14 34 30 22 30 16 12 5 29 30 50 47 26 41 19 48 45 15 1 27 23 6 39 41 8 2 36 49 49 8 22 29 8 32 46 24 50 47 30 45 12 12 44 32 33 20 37 24 40 20 22 45 9 40 4 18 3 20 6 3 25 47 22 46 14 18 9 42 14 0 11 18 8 6 33 33 10 16 18 8 1 24 18 21 4]
	[48 39 33 14 38 7 48 13 3 41 9 4 28 40 29 8 28 43 10 46 27 3 9 15 22 39 11 6 16 24 22 17 19 27 40 17 29 48 6 47 2 14 41 44 44 46 34 43 28 6 6 25 47 9 46 43 22 7 33 35 33 35 47 2 7 49 20 22 47 39 2 24 25 44 29 49 16 27 25 25 30 23 3 25 25 0 38 23 2 30 36 26 33 22 17 48 19 18 5 33]
	[41 28 17 41 12 46 21 23 39 43 48 8 27 21 27 40 33 42 23 14 47 30 32 43 46 6 27 21 28 23 22 48 39 14 40 14 24 5 26 6 25 22 27 21 34 26 33 32 47 5 49 38 29 7 4 34 3 21 18 32 33 24 40 18 21 13 31 42 35 48 12 26 38 38 26 39 6 18 32 6 36 9 25 8 13 45 0 8 1 9 45 9 41 25 5 47 23 14 35 27]
	[31 41 36 8 46 19 3 10 32 34 34 46 37 40 48 13 6 22 19 39 2 24 21 12 43 17 24 24 2 47 50 25 5 31 39 42 5 38 15 50 48 2 4 50 9 43 12 12 42 20 44 22 1 41 32 23 28 30 25 19 4 1 27 8 6 5 36 25 43 23 29 14 50 6 39 19 45 1 32 24 27 45 20 10 46 16 50 0 49 31 11 9 39 23 29 36 14 2 20 32]
	[32 46 26 25 27 43 27 28 7 28 39 44 17 31 43 50 31 15 28 35 48 38 16 39 19 17 46 8 41 49 11 30 24 3 24 10 19 12 12 45 22 1 48 12 47 24 39 13 32 5 47 40 46 25 38 39 28 36 20 37 10 41 27 37 27 38 30 44 48 27 31 9 10 39 18 14 39 5 49 38 49 15 45 27 6 45 50 41 0 17 42 26 22 26 29 48 1 36 11 26]
	[4 14 32 29 20 8 49 6 9 41 11 36 10 27 34 39 4 30 46 21 33 9 40 32 43 13 24 17 10 13 13 46 14 16 4 20 19 13 35 43 40 2 38 33 25 32 3 2 33 42 12 45 8 41 2 9 33 29 34 4 8 33 4 41 47 42 35 29 35 14 24 34 15 43 15 14 43 33 16 4 14 21 5 7 32 33 39 19 24 0 20 26 25 33 19 13 48 32 40 14]
	[27 19 7 29 49 23 39 24 7 43 2 31 24 17 1 32 8 34 29 16 8 34 16 38 38 29 43 26 49 17 38 11 39 8 22 43 45 41 50 24 50 17 28 3 32 46 44 36 26 33 38 7 29 23 31 36 15 6 10 10 40 22 35 4 34 13 50 40 31 2 45 13 46 15 31 44 14 19 39 24 9 24 39 9 29 32 43 40 20 26 0 9 36 46 38 9 8 36 27 32]
	[45 12 6 45 10 14 43 45 11 7 11 5 26 48 42 2 32 29 15 49 11 34 8 24 9 24 6 34 10 28 31 19 48 44 35 48 23 8 20 30 19 31 19 14 40 5 16 50 36 29 8 8 35 34 34 30 40 37 15 2 49 39 27 27 32 13 47 17 14 21 43 29 19 2 19 39 6 25 43 23 30 40 16 35 48 18 3 25 3 36 30 0 40 50 24 48 40 18 27 21]
	[11 4 5 33 24 13 44 7 46 50 34 27 40 26 40 24 49 9 31 7 15 9 47 50 41 20 3 22 26 18 33 19 5 9 28 35 48 11 2 5 48 39 14 27 24 46 13 16 28 39 14 48 23 37 28 15 22 40 49 6 26 40 47 29 2 22 31 12 23 8 28 23 9 23 29 36 22 41 50 23 4 13 5 47 15 19 14 30 32 13 6 5 0 39 50 23 41 1 20 25]
	[17 12 41 42 12 30 43 46 23 19 18 14 12 41 8 8 45 14 20 33 1 35 12 50 37 25 14 41 16 46 33 22 6 11 45 36 15 6 7 43 5 34 16 28 49 19 2 38 12 27 21 9 43 9 12 39 34 35 10 44 8 38 2 5 33 43 22 10 37 15 41 16 48 48 14 1 16 5 23 50 45 27 17 35 26 48 39 8 33 30 22 10 36 0 26 4 4 4 40 34]
	[8 5 9 18 30 1 19 2 35 41 37 6 18 42 2 21 33 1 16 3 15 30 2 24 5 4 31 32 18 16 20 36 11 22 4 50 41 5 4 12 49 4 1 26 45 13 50 32 5 16 6 45 6 13 46 39 12 28 2 22 1 7 8 8 4 49 32 14 16 43 18 39 25 34 9 15 7 37 30 26 19 37 17 47 28 9 45 46 7 31 49 13 43 46 0 46 4 46 49 25]
	[16 45 38 14 37 27 9 10 3 31 26 19 46 23 48 6 21 16 47 42 17 5 28 8 8 1 8 3 47 26 10 46 47 2 50 42 30 29 34 4 28 48 26 26 32 49 25 17 38 10 33 48 21 10 17 6 45 43 37 5 49 29 46 35 2 26 7 45 49 19 45 11 44 6 49 1 42 24 8 13 34 23 48 17 34 30 25 12 5 34 3 12 9 1 30 0 17 21 49 19]
	[19 37 10 39 36 46 27 13 5 4 24 1 17 42 8 13 26 32 42 23 28 37 1 7 35 31 3 9 42 38 34 46 3 41 8 41 19 36 31 23 46 1 44 23 17 40 25 23 50 40 32 30 48 43 21 17 15 46 13 38 48 49 41 12 21 35 14 2 35 8 4 26 31 20 48 33 21 49 1 35 14 33 42 11 34 26 46 2 15 23 5 36 42 31 2 41 0 13 3 48]
	[26 10 35 36 37 37 29 40 7 4 1 16 22 1 15 12 13 14 28 40 4 21 1 6 14 17 15 21 39 34 5 45 11 15 42 35 26 19 47 11 24 36 4 19 21 9 46 15 7 35 43 47 8 21 35 43 17 38 12 16 30 49 26 28 39 50 39 42 37 27 23 24 22 47 40 15 44 28 6 40 14 7 6 9 1 40 43 34 22 6 39 39 2 10 31 40 1 0 45 28]
	[21 25 32 50 46 41 7 20 5 25 2 35 31 21 22 13 9 1 48 11 18 21 41 43 16 5 45 18 3 49 31 49 49 41 48 15 26 35 34 14 20 23 18 43 40 41 46 16 33 19 44 20 30 40 21 47 9 19 11 41 9 36 50 36 20 23 1 21 7 19 15 15 48 16 28 18 36 42 42 1 27 50 27 9 8 44 16 12 39 25 28 13 42 15 17 16 16 50 0 38]
	[21 5 34 8 1 12 26 49 31 33 30 48 10 1 5 5 25 12 36 11 27 43 26 27 39 12 34 26 29 21 36 8 12 36 11 7 12 6 34 26 45 31 37 3 1 23 15 24 47 31 34 9 24 12 45 28 3 16 6 18 12 42 10 20 13 22 15 49 11 25 3 27 39 1 21 32 30 47 37 22 30 24 46 15 7 29 26 23 1 12 28 20 39 12 40 43 6 34 14 0]
];