nCameras=50;
nCrossings=100;
prices=[6 19 50 31 18 31 15 5 35 35 21 4 30 35 29 10 43 33 8 32 49 18 49 39 11 48 13 41 17 3 17 33 33 1 49 28 47 32 33 22 22 44 31 34 33 13 33 5 5 21];
ranges=[4 39 5 18 14 17 6 30 19 38 9 49 31 38 46 19 30 24 12 44 42 6 23 17 32 3 1 22 27 5 36 26 26 25 37 33 21 29 7 22 34 37 38 19 49 36 27 49 42 38];
autonomies=[5 5 3 2 6 4 3 5 6 3 3 3 5 6 6 3 4 6 4 4 4 5 3 2 5 2 5 6 6 6 3 6 2 4 3 5 4 6 5 4 2 6 3 5 3 4 3 5 3 2];
consumptions=[25 24 18 37 46 38 20 8 32 6 39 20 31 44 43 23 5 25 6 16 40 14 3 18 49 30 18 44 10 10 29 23 20 42 39 13 34 43 16 47 34 13 40 45 49 10 1 2 15 22];
minRanges=[
	[0 22 16 17 9 29 39 13 20 17 13 10 39 39 14 16 47 23 3 41 15 26 8 45 34 16 48 29 30 6 3 38 37 35 34 2 2 46 27 24 12 19 11 3 46 44 4 38 16 22 50 3 9 46 37 30 38 11 14 28 13 12 37 44 4 10 5 7 31 26 37 8 14 29 33 44 24 47 43 12 32 42 33 27 50 36 5 4 25 18 30 34 33 44 20 45 6 26 17 24]
	[39 0 47 49 6 50 24 45 46 42 47 37 45 40 26 34 44 41 19 10 9 27 47 14 21 9 20 1 43 22 42 16 8 18 31 6 39 46 22 31 36 1 31 8 26 18 42 27 32 2 18 28 22 5 11 40 12 37 6 8 12 43 32 35 3 47 8 29 19 6 46 9 38 6 49 39 38 27 15 49 28 7 39 50 8 39 7 36 11 39 45 30 6 33 20 4 16 42 20 42]
	[31 22 0 34 35 19 12 2 4 50 40 23 45 26 33 46 3 21 41 46 16 12 30 1 50 20 11 47 24 49 22 32 22 28 17 15 28 29 26 21 38 22 17 36 45 39 35 18 1 45 46 8 24 45 37 9 21 8 1 40 36 20 44 23 38 35 45 2 22 48 38 8 29 12 45 1 33 17 22 14 20 36 18 22 29 39 6 10 14 14 32 36 19 38 45 14 46 31 31 13]
	[28 19 18 0 36 4 6 21 11 41 7 28 33 49 20 8 49 26 2 36 50 28 13 9 30 30 32 46 12 25 10 19 23 39 43 38 6 24 12 32 22 50 37 13 24 45 3 3 19 18 26 37 25 25 43 39 21 14 36 24 47 18 10 30 50 23 29 8 23 23 7 43 36 45 28 30 45 35 11 21 10 19 17 2 8 16 43 34 3 8 1 48 31 21 26 43 9 31 44 17]
	[12 24 29 14 0 2 18 36 50 5 34 28 45 19 28 49 23 37 27 8 23 17 43 18 1 3 8 9 9 30 8 23 31 30 37 15 35 5 1 49 13 31 47 45 31 46 46 35 32 1 14 34 35 27 34 44 6 32 8 38 29 19 40 9 23 30 11 38 41 21 38 17 11 2 21 5 50 43 38 5 26 29 14 7 40 47 10 13 20 14 45 20 45 17 43 2 30 31 9 1]
	[46 45 30 5 44 0 12 39 36 21 21 34 15 49 35 15 6 5 17 35 33 44 36 4 48 2 46 13 32 14 10 2 26 4 31 36 13 41 38 39 32 31 29 17 44 20 9 18 27 8 20 31 22 44 28 42 32 16 50 5 17 35 6 10 40 24 42 50 32 46 30 30 35 25 15 24 38 18 3 6 8 41 2 8 38 19 14 8 7 19 5 6 37 2 43 44 12 42 9 25]
	[33 25 28 5 10 4 0 14 7 40 2 3 40 31 23 44 4 11 10 15 43 18 21 7 44 31 23 21 13 46 27 39 28 12 2 22 23 14 7 41 14 17 4 21 31 1 43 16 1 42 3 22 38 25 25 21 26 1 19 7 43 14 11 39 32 50 21 49 39 9 1 20 12 40 32 47 45 8 5 16 7 46 23 44 2 35 41 49 31 2 1 26 46 21 15 1 22 1 13 49]
	[40 12 49 24 17 22 35 0 13 20 30 13 23 16 2 31 50 6 3 46 14 42 50 45 11 30 30 31 15 16 45 9 19 45 39 44 35 36 44 32 8 46 13 44 42 42 12 33 18 36 36 24 46 22 42 20 21 47 28 3 19 18 46 46 44 16 29 33 17 36 18 31 7 27 39 34 43 48 29 24 15 27 20 4 48 17 43 6 32 30 7 36 15 4 26 8 11 30 12 39]
	[33 30 46 29 3 13 34 26 0 24 33 8 40 19 39 30 10 48 22 50 6 12 9 43 27 4 50 37 4 7 41 38 4 32 24 48 9 10 33 47 34 13 38 26 17 47 50 41 25 7 41 34 25 31 45 44 13 49 27 21 42 16 6 12 20 46 25 33 27 20 27 39 40 49 2 25 35 39 10 24 28 29 20 17 28 11 10 45 10 8 40 2 33 4 42 10 16 37 35 19]
	[43 7 29 48 25 33 41 4 18 0 38 50 9 14 47 10 2 47 26 36 27 30 49 21 18 30 37 17 7 27 47 37 33 10 15 41 2 27 36 11 32 41 43 4 37 35 49 15 29 45 14 4 48 34 34 22 41 38 3 44 39 45 28 34 21 29 6 12 36 22 39 17 31 20 12 13 24 23 12 12 50 9 23 34 11 15 11 50 1 19 11 49 30 29 29 43 4 12 5 27]
	[49 43 10 33 6 37 20 1 12 26 0 38 23 30 31 12 45 8 40 48 44 45 15 25 10 20 33 26 28 15 13 40 5 2 14 25 13 12 45 49 10 50 39 19 45 8 12 46 38 48 45 17 41 32 16 6 50 17 12 18 25 33 18 39 25 38 29 34 14 5 8 15 34 41 45 4 38 5 11 7 1 28 17 40 31 9 28 1 8 3 30 17 24 24 20 43 37 43 4 37]
	[17 41 21 20 39 4 29 49 28 31 14 0 48 10 28 3 9 21 41 47 39 17 20 16 21 31 7 34 23 9 12 47 39 30 13 39 42 30 13 35 6 11 38 43 1 40 31 19 33 45 4 26 27 46 50 50 21 18 33 23 4 3 31 44 25 4 10 39 50 1 18 21 3 35 10 17 13 26 18 6 5 15 48 48 9 27 35 36 36 38 5 38 18 11 49 1 29 40 6 35]
	[33 31 13 13 5 22 15 24 36 49 24 35 0 49 3 8 11 28 37 20 9 5 9 35 25 5 49 29 29 13 19 39 12 3 47 19 16 13 27 50 12 24 24 31 26 27 37 9 8 3 7 2 26 42 13 47 16 30 10 9 37 33 34 30 19 50 49 26 33 46 20 24 32 7 39 34 1 25 48 6 10 28 30 25 49 44 3 25 22 9 31 7 20 15 13 35 28 39 15 29]
	[1 25 23 14 42 37 9 24 14 18 11 14 48 0 21 30 34 17 26 32 30 31 12 49 15 20 35 10 12 18 33 18 43 20 27 39 41 21 4 31 11 50 34 5 31 31 7 49 50 49 25 28 47 22 20 42 30 43 7 37 8 36 3 33 32 48 8 46 20 46 11 39 31 27 15 19 31 1 49 29 18 17 15 6 40 32 26 44 2 20 29 16 27 19 18 14 22 25 40 35]
	[2 34 26 41 40 14 5 38 36 14 50 14 49 19 0 5 28 47 40 10 32 11 33 8 43 23 47 21 50 10 7 26 29 32 6 16 50 47 46 35 36 23 42 38 19 33 17 14 50 1 21 46 39 21 24 5 19 9 32 28 15 10 42 11 20 4 36 37 9 50 28 48 9 38 4 43 19 18 27 23 48 3 32 20 42 48 39 37 3 9 26 27 16 12 17 22 6 25 34 26]
	[37 29 31 20 8 11 48 23 49 8 47 50 3 41 3 0 33 31 39 35 16 20 7 28 1 43 12 19 38 33 41 30 2 13 4 10 46 1 2 21 35 30 50 28 2 37 27 8 12 7 23 45 43 12 33 43 31 3 21 16 36 44 36 22 39 24 30 47 33 17 25 46 45 5 48 9 41 7 39 33 26 26 47 30 10 37 46 14 6 3 9 11 14 25 31 29 38 11 19 21]
	[42 31 27 4 18 1 32 29 29 11 11 37 5 27 27 27 0 47 45 18 8 44 9 9 10 45 29 40 46 24 18 7 42 4 19 7 12 20 20 20 28 13 33 36 16 6 34 50 10 29 23 25 28 37 48 19 45 33 16 9 30 8 12 20 30 36 13 18 3 41 46 10 7 50 46 33 9 37 23 37 35 48 39 49 21 1 46 2 3 49 2 15 35 38 2 47 36 34 39 14]
	[16 4 41 6 10 13 40 39 23 38 29 42 33 24 24 10 42 0 26 40 1 13 15 31 2 29 43 9 10 26 8 23 21 26 17 35 12 7 35 1 50 7 23 21 5 40 33 29 50 7 13 18 37 39 35 12 8 22 48 26 11 12 36 21 46 26 30 1 10 43 41 46 48 45 39 37 36 17 32 16 44 23 12 7 31 9 6 23 42 15 1 39 1 39 13 6 43 13 3 36]
	[22 43 6 10 4 3 50 15 2 19 37 4 8 41 15 41 49 31 0 1 11 2 39 23 1 33 36 11 39 6 35 48 32 36 24 34 26 9 6 26 9 38 41 24 33 18 42 5 19 15 7 8 44 29 46 3 22 17 31 42 34 16 1 46 1 9 14 26 28 35 48 23 18 12 6 30 49 37 16 10 32 36 9 4 47 48 8 42 22 34 20 39 14 10 22 49 39 44 4 36]
	[32 13 33 34 35 41 16 47 11 45 21 18 15 23 17 10 27 15 41 0 11 28 44 38 31 28 42 36 16 32 31 46 34 42 42 22 48 12 28 35 1 47 25 18 34 20 13 9 32 8 32 30 37 19 42 46 7 22 46 42 16 13 13 21 13 25 40 7 47 19 50 12 30 14 12 47 18 36 37 26 24 45 32 45 32 33 25 5 11 39 3 1 14 13 17 40 20 15 16 23]
	[50 32 5 48 10 41 28 3 35 19 29 40 16 39 46 33 10 46 6 13 0 4 11 2 50 6 38 33 27 10 50 32 48 43 21 44 36 36 42 40 15 39 27 39 16 27 8 36 38 24 2 17 26 20 38 31 9 3 27 18 3 43 49 16 5 50 26 36 49 2 24 35 37 33 25 18 23 44 46 5 5 7 23 15 15 34 50 45 39 41 31 3 1 16 26 12 33 37 45 14]
	[11 32 21 41 18 41 41 22 5 47 18 49 4 47 15 25 43 36 41 3 11 0 12 35 21 19 33 14 22 43 37 3 17 25 12 25 29 1 4 18 11 29 4 33 15 10 5 11 11 26 15 24 31 34 17 1 2 35 18 26 42 46 32 30 22 10 22 46 17 8 47 6 41 30 11 47 49 45 11 11 46 19 14 43 14 29 1 37 41 5 18 43 8 13 22 26 32 23 12 46]
	[36 43 39 37 35 1 7 32 11 39 6 12 9 18 11 6 50 38 6 28 30 11 0 38 47 18 46 48 24 32 29 33 44 50 2 9 36 4 12 50 36 23 18 16 40 27 44 41 27 37 42 5 46 5 6 10 33 15 38 32 3 26 41 45 25 15 48 2 1 22 10 21 48 24 13 17 24 39 44 4 24 20 20 35 30 25 45 14 43 29 26 40 36 29 45 39 39 47 47 14]
	[14 34 7 30 9 21 41 27 34 42 34 27 12 30 7 32 47 34 19 14 9 38 13 0 2 24 36 3 33 42 21 32 48 2 7 21 22 45 42 49 35 34 42 28 36 6 5 47 37 22 15 29 11 15 44 20 12 8 17 41 29 44 31 9 27 49 21 12 32 48 18 48 46 42 26 49 28 14 4 40 11 44 8 15 4 32 46 9 43 10 46 34 48 40 40 46 13 24 34 27]
	[39 19 37 22 42 10 46 39 3 47 24 18 15 10 2 33 18 29 14 37 35 23 29 5 0 48 13 34 34 38 50 33 40 29 26 8 14 8 50 43 32 35 44 50 43 33 35 23 3 44 1 46 3 24 20 12 38 42 35 3 38 34 17 8 17 28 44 5 19 3 38 1 34 1 2 15 33 19 38 40 31 14 18 19 4 33 46 22 20 23 36 39 19 1 11 17 25 19 7 50]
	[18 18 23 38 39 5 29 11 4 47 35 40 29 21 40 13 5 39 41 46 26 39 31 47 8 0 37 30 8 28 36 40 50 19 18 12 21 5 15 46 38 13 31 45 43 26 34 18 20 27 37 50 41 18 13 44 32 46 20 40 20 24 6 44 6 39 38 7 25 8 20 7 20 36 41 37 2 21 47 45 38 16 4 40 32 31 21 38 18 7 22 15 33 39 38 4 15 38 2 41]
	[6 14 35 25 12 50 9 38 22 5 4 48 33 47 8 22 19 28 23 5 32 50 30 18 31 18 0 5 48 7 49 7 19 13 44 33 11 27 34 45 35 3 18 6 21 21 23 32 35 48 23 32 27 12 35 9 37 34 23 35 13 35 13 2 36 15 50 32 19 47 21 15 38 10 7 1 42 39 4 20 26 12 50 48 2 24 40 43 48 29 30 19 18 2 2 46 12 39 42 45]
	[24 40 26 11 49 7 17 40 14 15 37 21 41 2 48 1 11 48 7 2 14 49 7 28 14 36 24 0 33 39 1 9 35 50 8 24 20 36 1 6 12 31 13 20 40 22 34 50 39 15 26 32 49 27 8 26 1 31 35 39 28 19 29 26 30 10 27 32 46 24 6 33 50 40 43 39 37 38 15 13 16 7 8 4 28 25 46 50 17 2 4 15 41 3 26 40 30 5 17 23]
	[49 34 5 49 43 11 15 20 25 11 3 9 29 15 42 31 11 24 45 32 27 20 39 41 20 15 49 37 0 24 36 7 24 19 23 35 17 18 27 24 23 13 32 11 47 5 39 6 27 49 27 31 48 48 15 38 1 20 28 22 2 12 9 38 50 17 39 26 5 14 40 30 41 37 5 43 12 30 46 22 23 29 6 29 11 19 34 2 15 22 16 39 44 27 10 21 31 29 10 29]
	[44 34 25 39 14 9 4 19 33 19 12 18 39 39 7 29 49 17 9 22 11 27 11 7 16 12 24 45 5 0 22 7 8 4 16 8 37 26 3 40 8 12 5 1 19 8 11 23 27 11 50 30 44 5 19 47 37 25 27 50 15 26 40 25 37 20 18 49 11 7 47 28 1 6 20 40 22 9 30 38 4 45 42 48 13 34 9 43 16 18 25 36 37 29 48 30 8 31 5 41]
	[33 1 21 17 45 20 48 11 33 3 18 42 15 24 12 28 39 2 30 13 35 10 1 9 42 1 43 18 25 28 0 6 19 43 29 3 50 8 38 48 4 24 17 45 31 47 26 14 23 45 8 10 11 26 8 26 6 18 4 28 43 49 41 39 30 26 11 38 26 32 5 15 3 38 44 41 23 28 15 4 19 14 45 3 19 15 8 36 4 26 21 31 3 25 45 9 39 5 23 3]
	[30 26 32 2 14 49 49 45 20 28 30 17 29 49 32 19 32 33 25 6 15 46 15 38 10 16 40 13 40 46 31 0 23 32 46 27 7 15 32 2 14 17 29 39 44 38 39 47 12 9 13 34 50 6 30 36 27 37 11 36 3 38 6 10 14 30 18 45 3 40 32 22 50 7 27 7 29 45 32 42 26 33 11 48 13 13 26 37 2 10 19 9 11 44 19 29 44 45 4 4]
	[2 2 26 2 22 28 22 5 24 24 21 48 29 36 11 42 18 6 44 4 37 47 12 32 29 34 38 2 38 25 4 18 0 28 42 31 1 47 50 22 18 40 35 49 10 33 17 17 2 30 13 36 24 17 20 31 10 50 22 32 6 32 42 14 14 49 25 37 6 12 35 43 50 2 8 36 23 13 45 26 49 12 12 35 19 46 32 13 40 41 37 45 19 43 36 1 40 26 4 47]
	[30 39 2 43 9 24 27 33 37 22 19 41 41 39 11 4 24 5 7 31 25 6 31 41 50 12 26 42 39 16 12 25 50 0 2 11 18 42 16 44 16 12 24 40 10 47 24 15 14 34 7 20 6 18 30 34 25 7 37 49 1 27 32 24 2 19 50 27 39 48 9 49 39 15 49 7 44 8 47 12 28 11 31 26 50 34 50 47 42 37 25 24 12 5 35 33 35 14 21 14]
	[39 44 35 49 21 1 3 16 4 13 8 16 15 36 13 17 35 33 1 28 48 4 20 13 35 35 49 45 46 23 12 25 27 50 0 29 35 1 42 12 26 16 37 3 21 23 22 12 49 43 44 35 49 25 32 34 44 3 30 10 13 42 17 22 4 45 13 16 26 18 37 36 18 20 45 24 4 13 48 45 16 25 36 26 44 47 40 4 2 44 33 33 42 9 44 34 28 48 11 48]
	[4 28 17 29 39 11 24 5 11 30 13 34 32 3 49 32 3 19 8 32 28 22 29 8 6 3 2 23 34 50 16 9 49 32 20 0 6 21 28 19 8 6 36 3 24 11 8 22 4 43 29 3 5 18 39 2 43 46 29 43 33 26 46 13 1 25 30 18 9 19 35 29 45 15 1 10 34 34 27 27 16 38 12 28 34 5 25 4 30 39 43 49 14 23 50 34 4 21 36 40]
	[30 50 4 39 42 9 1 38 21 50 10 3 36 46 46 33 48 17 10 27 25 10 2 46 36 37 45 25 27 21 8 47 23 4 42 4 0 38 42 47 48 13 4 41 3 34 24 7 32 39 28 11 43 45 11 1 48 5 23 20 42 38 33 43 7 3 31 7 27 8 24 27 49 21 39 1 37 35 31 3 7 30 20 49 40 42 6 30 1 15 38 37 6 6 18 21 43 3 29 33]
	[5 28 23 31 12 23 16 14 11 33 18 2 1 40 25 42 36 11 45 46 48 21 41 14 45 39 10 10 40 39 39 4 4 33 44 30 26 0 9 14 28 35 42 11 21 44 18 40 48 25 28 32 25 18 39 28 14 22 39 4 50 42 48 50 4 33 19 13 32 10 17 40 32 48 30 38 26 36 49 4 34 30 19 6 25 29 45 8 12 5 38 7 49 32 26 50 38 23 19 7]
	[43 20 43 27 39 14 2 7 20 29 37 50 21 31 45 19 14 23 5 12 37 20 39 28 35 6 20 36 20 21 11 6 25 9 3 48 36 26 0 14 4 33 27 30 9 32 23 47 39 28 33 42 23 7 38 46 24 24 11 10 21 45 43 33 42 11 50 24 26 20 11 6 26 14 11 32 41 8 48 5 3 5 26 12 9 31 32 16 22 22 15 34 17 15 40 7 31 44 21 16]
	[12 27 25 38 8 50 29 8 23 13 40 10 19 26 18 17 5 43 28 6 42 8 24 23 27 25 36 7 2 39 35 9 23 41 14 33 35 10 41 0 17 50 38 3 49 41 7 50 24 5 7 30 33 8 25 29 48 36 21 13 15 43 37 34 33 37 42 49 31 22 4 2 49 8 17 32 44 49 23 23 7 27 50 44 46 31 4 36 41 12 46 21 4 32 49 46 19 18 1 49]
	[14 17 34 20 1 6 31 41 26 4 30 14 12 23 13 8 28 19 30 31 45 48 38 2 20 12 4 16 38 42 6 15 42 9 34 19 34 2 44 26 0 44 15 5 22 1 14 35 29 47 40 32 33 31 13 35 8 30 37 26 1 6 10 50 1 46 15 34 47 1 36 41 24 13 43 48 20 29 19 29 18 29 5 12 43 11 23 13 46 8 5 36 30 13 9 29 33 40 38 16]
	[3 15 35 3 3 3 4 17 33 28 30 16 38 48 6 26 26 29 11 15 50 24 7 30 6 9 29 22 11 41 34 32 26 24 23 47 15 11 44 28 20 0 40 5 14 34 34 14 48 50 4 29 39 23 37 10 26 17 12 37 11 25 46 44 16 29 12 16 37 49 6 8 43 46 2 7 9 41 31 38 1 4 49 8 40 39 15 8 48 3 5 6 34 38 1 46 33 40 8 47]
	[27 28 41 46 32 25 5 10 39 34 7 48 31 42 38 14 25 11 43 4 49 13 35 46 18 10 35 11 34 23 29 13 42 14 17 21 19 9 4 2 1 30 0 50 10 14 10 17 32 35 8 36 13 39 27 31 2 26 50 12 13 11 31 40 7 15 42 39 48 47 7 20 28 28 26 18 44 45 19 30 9 14 20 8 47 41 1 5 44 33 25 23 36 26 42 16 44 30 37 30]
	[17 9 21 47 48 21 2 19 31 6 11 16 8 43 50 47 38 33 9 39 33 4 43 48 44 34 43 28 37 23 8 13 36 17 7 40 20 33 3 44 42 3 23 0 7 7 44 23 47 5 45 8 41 3 16 21 16 2 23 13 21 28 31 3 3 14 15 27 35 35 11 4 10 48 21 39 28 11 21 9 23 7 39 45 25 5 25 34 50 37 9 41 7 46 42 11 42 24 5 47]
	[11 18 31 7 13 21 8 3 44 6 4 48 38 4 40 5 29 24 17 44 20 23 3 33 30 48 24 1 16 17 17 15 24 13 17 26 8 10 49 14 17 6 3 13 0 30 3 30 45 40 30 23 3 16 32 35 13 5 41 17 35 40 19 7 24 36 30 43 24 1 18 37 37 35 28 27 42 12 46 27 43 30 35 16 48 16 33 29 35 1 2 50 28 45 39 44 29 2 43 25]
	[5 14 8 1 11 15 42 18 32 12 16 20 46 4 15 35 42 10 40 27 50 40 43 50 36 7 32 20 8 35 23 47 3 29 35 16 7 17 45 38 32 4 12 48 22 0 41 7 46 21 50 23 2 3 44 39 46 49 45 46 9 21 34 45 18 24 14 35 3 41 8 42 35 28 39 31 38 44 39 30 13 38 5 8 47 12 34 36 23 26 26 3 4 6 10 2 12 48 45 34]
	[33 14 26 50 22 40 31 40 41 23 49 41 36 44 1 20 36 49 19 36 23 42 46 24 35 25 25 3 3 17 8 41 2 32 13 20 7 28 47 24 3 26 41 30 34 13 0 33 15 8 22 14 15 5 27 47 24 6 30 27 20 25 7 17 46 23 9 9 12 9 15 3 2 13 11 19 18 10 5 28 7 41 18 9 47 5 17 5 16 39 8 34 6 43 34 6 3 29 18 38]
	[5 29 22 19 12 37 23 3 28 9 37 3 3 5 32 14 38 45 42 3 13 33 33 15 1 10 36 12 32 33 27 6 14 42 49 39 47 20 12 37 29 30 41 36 24 1 17 0 11 37 23 22 29 18 44 19 20 10 5 25 39 30 39 26 44 15 25 8 23 8 35 36 26 46 35 14 3 23 23 15 34 27 39 14 28 12 46 8 4 45 34 18 1 47 49 13 19 50 43 1]
	[21 7 1 32 39 22 42 18 32 4 48 22 20 40 4 7 15 43 40 26 46 40 39 14 24 19 23 34 40 39 43 9 26 41 14 4 27 5 19 22 18 37 31 25 17 10 1 49 0 19 20 49 24 48 36 30 25 33 16 17 46 48 45 38 45 23 18 43 17 35 40 48 12 2 17 1 40 5 1 22 44 30 33 28 22 44 11 12 21 11 19 41 24 6 42 2 45 15 23 42]
	[20 7 23 13 41 15 42 38 46 34 16 46 49 18 24 29 38 30 4 25 24 37 42 36 32 37 28 35 19 19 16 24 16 20 5 48 25 31 9 9 1 30 8 3 44 22 48 26 25 0 1 9 13 39 50 14 18 2 14 7 8 49 5 39 37 13 44 11 16 10 46 19 32 4 35 6 6 26 40 3 27 34 19 31 47 44 28 15 27 29 25 24 27 23 17 5 26 18 42 15]
	[13 41 26 14 26 43 16 7 25 14 20 10 22 42 9 37 41 25 5 43 26 1 31 2 11 26 42 12 45 28 3 41 46 27 37 27 29 10 11 28 28 30 40 3 39 17 46 6 16 43 0 48 26 8 45 12 1 30 36 31 7 49 41 44 45 24 32 22 15 4 40 11 41 40 14 41 40 40 41 5 34 47 35 22 16 36 9 44 38 12 16 4 31 40 12 21 26 19 50 24]
	[1 14 39 45 47 24 5 24 41 38 22 25 24 17 21 32 45 5 25 26 9 31 15 42 18 25 17 2 16 32 19 33 41 14 19 47 37 48 12 21 2 22 46 39 48 50 26 8 50 19 33 0 45 43 10 7 46 42 49 29 49 47 6 50 18 21 8 12 41 23 12 47 10 30 11 27 4 39 41 23 19 10 49 26 27 39 6 35 14 44 45 26 26 17 24 44 45 31 50 33]
	[35 45 42 2 27 40 42 30 40 48 43 16 15 21 16 39 5 1 11 24 7 41 35 30 24 22 43 18 41 6 50 50 30 4 19 39 6 41 24 9 28 19 1 48 26 44 50 50 8 28 5 10 0 32 27 38 13 38 23 40 41 37 19 19 28 25 31 6 8 2 7 43 20 38 37 35 10 1 45 50 19 32 1 13 30 30 24 9 30 30 42 28 28 26 13 26 32 22 36 1]
	[19 49 10 15 23 32 2 11 47 39 43 42 24 10 31 48 30 19 8 48 33 31 48 14 19 32 8 36 11 31 16 21 41 50 24 45 7 28 16 46 17 24 6 13 38 42 15 3 27 21 20 31 43 0 3 18 40 16 38 50 3 15 9 16 14 14 45 30 42 17 49 7 2 19 49 36 42 7 35 32 21 7 17 23 6 7 29 49 25 19 10 43 26 22 11 45 10 14 48 39]
	[3 30 18 10 24 15 6 34 42 10 34 40 32 11 34 19 16 38 50 31 9 34 20 35 40 10 23 16 48 44 13 38 1 40 5 29 35 20 13 41 37 48 10 42 18 43 44 19 32 31 3 25 41 2 0 34 11 44 37 14 38 29 3 18 5 45 4 37 13 10 14 17 42 30 49 40 2 41 33 35 43 50 18 19 40 50 12 49 45 5 6 44 32 38 16 40 48 5 48 41]
	[25 11 36 25 41 11 41 25 38 1 26 29 3 45 42 50 18 10 1 48 39 17 33 26 43 15 34 38 6 13 21 26 28 2 41 34 1 6 34 12 38 8 16 49 42 20 31 14 46 46 36 36 23 14 31 0 18 4 13 21 40 10 50 7 8 16 24 23 35 47 18 33 29 43 33 39 43 33 23 31 41 44 25 21 6 44 41 43 16 32 43 47 7 15 27 15 45 48 46 45]
	[42 32 2 41 32 50 42 32 47 2 14 36 21 19 25 32 5 3 5 12 30 11 50 16 26 41 11 47 35 38 25 15 45 46 31 29 1 41 14 32 32 21 21 13 22 39 13 7 50 28 39 25 15 1 7 24 0 11 18 28 21 6 31 28 5 24 30 47 41 50 43 37 9 3 41 21 47 31 11 20 39 26 43 18 17 41 47 23 33 6 14 47 10 34 47 13 9 9 46 27]
	[33 27 5 24 9 30 36 2 37 23 45 48 17 26 15 25 20 49 43 50 1 1 22 15 36 5 14 9 8 44 1 41 48 1 10 3 29 44 30 20 16 45 47 1 27 14 27 10 44 37 41 39 38 6 25 4 6 0 12 15 26 13 13 25 50 6 6 4 18 39 32 14 20 31 32 11 14 28 32 22 5 8 45 16 28 50 13 18 18 3 34 32 28 28 2 36 18 20 12 41]
	[29 2 24 5 27 33 3 29 30 49 8 8 24 29 24 22 2 11 6 39 38 16 41 22 24 33 31 11 21 35 26 23 12 30 23 43 45 11 49 28 31 10 6 18 7 41 44 8 37 5 38 35 47 38 9 33 34 7 0 27 1 19 27 23 32 1 24 12 12 7 36 44 1 49 33 49 32 29 43 40 24 19 25 4 32 34 5 44 22 5 9 23 14 34 29 32 9 14 48 7]
	[8 28 48 41 26 14 42 30 21 39 29 25 25 8 11 20 30 12 11 49 33 17 40 35 4 4 18 19 12 5 20 41 36 25 47 4 49 9 43 2 7 39 12 36 13 17 40 38 11 19 49 45 11 16 10 18 19 2 26 0 10 31 11 31 25 35 39 21 1 37 39 47 43 36 48 15 27 4 44 41 30 2 2 38 37 41 42 41 33 25 22 20 17 10 22 13 39 12 18 30]
	[22 39 40 47 31 42 5 16 2 21 50 21 32 34 41 12 32 16 20 45 14 7 19 48 2 42 36 43 47 7 49 29 21 20 42 42 40 46 43 47 7 41 46 19 44 47 44 32 44 44 28 48 23 22 37 47 50 8 10 42 0 14 32 3 9 2 32 3 3 28 42 45 46 11 41 17 15 16 27 34 42 35 27 27 40 42 36 16 12 47 36 16 5 26 8 32 5 39 29 26]
	[32 17 46 26 43 10 8 15 7 3 20 9 21 18 15 15 12 30 43 8 22 5 14 50 6 37 9 15 13 11 31 21 37 19 11 12 7 12 22 34 43 46 6 10 39 5 48 1 10 7 13 6 25 10 40 2 16 9 44 26 14 0 2 48 19 34 17 40 35 48 48 32 4 25 27 30 44 4 6 10 27 15 12 21 14 5 18 11 32 4 13 9 6 14 27 5 29 12 45 42]
	[3 50 16 25 8 9 36 25 49 34 19 50 50 39 46 12 16 34 46 32 49 15 9 1 30 29 24 36 20 35 27 39 25 39 46 31 39 42 37 47 35 4 8 41 30 40 37 30 15 33 42 37 5 3 1 37 30 13 31 27 26 28 0 18 2 29 12 1 2 22 22 30 30 25 45 32 5 34 5 4 11 32 33 39 2 40 47 10 3 28 39 39 19 6 21 21 10 13 36 10]
	[3 16 37 29 11 44 36 18 19 28 40 45 50 3 17 35 14 47 42 39 36 36 14 38 46 18 48 20 11 26 3 36 25 21 18 32 3 20 50 43 46 36 10 5 14 33 37 32 7 38 2 35 4 23 2 30 49 50 37 23 46 49 39 0 7 13 7 38 3 48 39 47 15 22 47 35 40 28 12 44 50 16 1 47 48 34 1 19 40 25 37 19 34 48 25 46 41 45 5 23]
	[10 15 22 26 39 2 28 42 23 3 3 23 10 50 22 48 5 21 14 32 7 11 34 35 29 13 39 40 13 1 47 10 24 12 14 49 38 29 34 10 2 26 7 42 3 31 32 25 34 15 36 41 6 7 44 19 47 5 5 11 9 37 15 28 0 16 40 7 41 7 15 23 40 17 32 45 30 10 36 24 36 49 30 14 48 26 34 31 29 2 47 40 43 15 4 8 27 16 4 32]
	[40 23 10 7 25 29 43 17 13 5 46 48 6 8 21 18 32 2 22 7 14 15 21 20 35 2 33 48 43 12 28 26 34 23 50 26 6 15 16 21 50 41 17 10 14 39 38 22 25 42 10 20 38 7 18 24 27 42 48 13 5 41 21 39 2 0 24 37 39 19 48 27 33 35 19 39 47 22 11 16 37 32 14 1 24 21 30 29 45 3 41 49 43 42 34 40 28 28 8 9]
	[30 44 30 38 33 40 35 40 5 21 37 26 40 15 43 42 17 35 31 29 28 30 44 15 35 45 30 35 49 16 24 42 3 21 22 3 13 24 10 1 38 46 44 38 22 9 29 37 38 22 29 11 3 31 48 6 11 17 9 42 29 24 22 27 33 12 0 46 4 36 18 26 2 49 10 50 36 37 39 42 33 39 42 41 41 6 43 21 24 29 23 1 17 37 17 14 38 11 45 21]
	[41 25 17 34 7 41 48 20 23 41 47 39 6 35 6 34 7 46 24 24 14 22 50 38 30 45 7 2 43 49 21 21 31 40 12 43 16 45 34 42 19 8 33 28 47 21 4 32 27 47 25 10 47 32 16 33 34 15 40 26 38 46 21 31 6 5 45 0 38 41 47 42 17 6 34 41 43 12 11 7 48 1 40 17 38 49 34 4 22 30 45 38 15 40 9 43 24 9 27 13]
	[34 22 1 41 44 21 50 32 9 11 41 30 44 48 2 27 30 48 42 8 30 10 15 43 39 15 2 43 30 1 38 39 22 37 7 15 33 18 46 4 11 10 9 32 17 1 50 45 21 18 47 5 19 35 26 30 34 31 23 3 27 20 10 7 16 48 14 33 0 4 9 41 39 13 5 14 15 39 41 15 5 15 46 8 27 11 49 2 40 42 18 45 36 6 2 10 9 13 23 18]
	[40 6 34 48 30 13 27 38 20 26 17 20 25 19 38 42 38 34 49 21 31 36 25 1 35 17 31 40 14 10 10 4 49 30 38 31 25 47 17 37 24 17 15 11 9 31 21 32 2 38 30 32 3 2 45 6 1 36 17 3 1 6 27 34 23 12 15 4 44 0 1 40 21 16 36 19 25 19 22 18 3 28 23 4 22 36 45 23 7 18 9 17 39 9 20 32 23 48 32 8]
	[49 16 4 22 1 10 29 26 42 50 6 5 15 27 4 36 27 38 10 37 11 32 13 1 18 34 15 19 7 37 13 12 42 7 36 41 23 33 17 4 24 42 37 48 18 25 30 20 42 41 6 38 27 46 17 20 23 11 2 43 16 43 14 27 24 17 42 35 13 30 0 7 30 7 18 29 42 29 9 24 49 40 35 24 29 30 7 29 3 11 43 5 27 45 20 42 35 26 16 16]
	[31 27 8 39 44 28 11 7 21 21 2 40 44 38 9 1 14 40 39 17 30 29 35 44 30 31 37 6 29 31 44 28 3 20 49 10 13 5 23 50 1 9 14 6 26 16 19 8 32 30 18 32 30 13 28 48 40 21 24 13 6 23 32 43 14 38 1 35 38 30 34 0 24 9 24 36 36 47 27 32 14 2 18 9 29 1 34 33 28 26 12 38 3 26 28 11 27 19 13 43]
	[45 39 42 38 18 12 13 31 22 39 43 4 39 31 28 28 48 18 20 43 35 15 21 3 19 12 27 12 2 20 15 8 12 6 12 35 44 5 29 39 35 33 1 47 3 23 28 22 7 31 24 44 8 19 28 46 1 27 46 21 45 29 18 22 28 7 39 19 37 20 14 25 0 26 26 28 25 8 13 49 35 7 45 7 46 22 13 17 7 50 6 29 3 25 34 6 11 38 26 46]
	[4 10 48 50 32 46 41 42 18 19 20 36 16 13 2 47 10 15 28 45 18 10 13 13 5 4 23 29 6 11 13 14 49 27 16 2 46 41 26 46 4 22 43 19 43 48 9 36 1 28 26 19 37 42 47 32 45 7 48 35 10 4 12 33 40 22 24 48 18 27 5 34 49 0 12 14 45 49 30 2 10 33 17 39 30 40 26 43 42 39 30 32 4 15 8 1 7 2 12 18]
	[26 42 5 39 23 19 30 44 8 41 24 23 30 9 30 37 43 26 11 17 25 14 37 46 33 23 29 37 39 21 2 33 20 36 6 45 27 45 9 17 11 26 10 35 16 45 48 43 6 2 24 28 50 41 38 13 7 4 38 38 47 20 44 13 43 19 2 46 19 19 50 44 10 20 0 44 50 37 1 12 20 1 30 7 27 1 19 15 27 40 25 38 50 45 46 26 12 43 4 3]
	[50 1 41 16 45 38 43 28 45 10 31 35 6 49 31 12 14 4 22 50 6 50 31 13 41 8 17 19 24 46 7 14 9 37 8 41 20 49 41 29 20 20 27 21 5 26 21 42 5 8 38 19 3 13 13 27 13 40 38 50 13 25 4 47 30 41 35 4 11 17 6 34 43 13 39 0 21 18 26 1 29 19 6 30 31 35 22 35 21 45 36 10 6 1 19 5 24 17 13 11]
	[23 19 29 38 33 17 32 33 41 47 15 34 8 49 14 1 49 7 38 13 45 9 46 12 8 16 24 9 39 42 33 12 4 44 30 8 43 33 24 49 11 36 7 50 26 1 16 44 47 16 12 41 44 19 7 50 22 35 7 26 6 5 35 2 45 22 25 50 42 39 15 22 49 30 40 16 0 13 24 30 2 15 49 48 30 22 9 2 12 46 37 16 22 29 40 42 26 28 41 7]
	[17 17 24 38 12 36 7 5 7 45 3 23 32 27 30 29 40 50 27 45 14 21 14 41 10 20 7 17 47 40 46 29 27 21 41 47 32 7 8 18 3 30 15 39 14 3 49 9 49 35 38 13 46 21 10 34 40 32 25 3 23 21 23 33 22 42 22 4 50 18 39 25 17 9 25 49 18 0 23 37 22 9 47 14 47 33 47 19 12 23 39 30 8 46 5 34 47 2 20 21]
	[30 50 16 1 2 15 30 19 23 23 36 39 20 33 1 11 12 18 35 47 30 15 39 27 8 19 32 25 13 38 46 42 47 1 27 22 11 34 43 38 26 40 25 23 43 4 20 3 37 4 32 38 12 40 39 21 36 31 43 40 27 20 42 26 27 40 17 38 30 2 7 18 32 22 10 45 50 1 0 37 15 17 47 48 36 4 26 31 35 45 40 46 23 20 41 11 32 19 17 11]
	[32 47 24 8 26 15 42 24 6 17 24 35 7 6 9 11 27 6 33 30 7 28 39 3 14 42 11 37 18 21 29 14 16 37 2 49 12 2 34 21 5 50 42 15 49 28 6 27 41 27 49 2 34 32 6 18 9 40 43 13 48 31 14 38 38 19 24 41 17 6 31 9 45 26 10 3 45 43 31 0 36 26 22 16 6 44 30 24 9 11 36 44 15 26 18 46 32 28 19 37]
	[16 21 27 12 27 28 16 45 7 31 8 18 8 47 6 17 18 2 47 21 47 12 37 10 28 22 45 26 23 11 23 25 5 44 10 20 49 29 20 27 7 13 21 43 15 34 30 35 31 8 12 5 33 43 9 35 42 41 27 44 22 7 24 43 6 48 43 20 1 9 34 13 10 48 24 33 26 33 10 9 0 24 47 14 9 42 1 31 1 32 28 7 46 42 31 49 39 5 37 13]
	[35 42 8 28 36 47 40 23 7 36 28 12 32 19 29 34 5 15 44 28 28 34 34 46 12 10 42 36 49 24 8 29 6 1 44 27 48 42 4 20 41 13 22 25 13 11 1 19 5 32 25 22 41 12 10 30 45 26 49 21 49 8 4 18 6 19 48 7 7 22 12 24 17 24 36 12 4 49 12 48 33 0 28 33 49 50 18 50 1 25 44 23 17 25 36 20 8 22 39 50]
	[26 24 24 45 31 46 18 16 17 24 14 45 31 21 29 2 9 42 3 43 12 10 33 50 45 18 12 40 36 9 5 13 15 30 4 44 36 19 49 12 7 35 31 29 9 15 2 15 47 35 45 36 7 8 48 1 13 4 13 31 13 44 30 34 17 14 11 34 50 19 2 48 22 32 31 21 44 4 13 20 36 43 0 8 10 18 19 43 12 29 27 39 12 2 46 27 24 9 2 3]
	[30 32 15 31 18 15 3 24 39 40 20 14 29 29 5 26 10 17 49 11 14 38 37 25 32 7 11 49 16 16 38 47 34 39 18 39 2 33 1 10 1 38 50 10 45 40 49 38 15 33 23 11 2 43 19 49 5 25 11 22 27 42 18 33 24 47 4 9 17 3 1 8 21 10 31 28 21 31 27 46 17 24 47 0 24 1 19 33 14 24 32 3 33 27 7 46 47 30 36 35]
	[27 30 27 46 28 49 25 2 6 7 24 10 24 22 22 32 7 14 26 19 3 30 17 4 24 30 48 4 28 28 30 21 29 34 18 38 44 5 4 31 6 43 38 25 44 42 32 21 35 28 16 6 10 12 13 40 4 29 22 22 28 14 15 25 33 36 35 49 5 50 45 20 40 22 17 42 37 32 15 46 28 34 42 36 0 31 28 32 44 20 26 11 32 34 2 3 19 23 44 8]
	[12 42 27 48 30 12 14 7 24 23 43 15 19 17 4 43 6 12 25 44 34 24 17 28 47 1 17 39 34 4 3 34 32 36 49 34 5 34 40 32 13 50 18 28 31 12 33 33 12 34 31 7 15 5 20 29 7 15 40 8 32 39 2 5 24 13 39 42 22 4 30 6 10 30 44 3 29 30 44 36 26 1 23 7 33 0 25 46 43 45 42 11 37 45 30 44 25 45 48 1]
	[21 17 17 23 24 36 15 34 10 4 34 10 38 8 30 24 36 35 48 27 4 38 7 29 3 48 44 43 18 25 19 46 29 30 50 3 10 32 9 4 18 17 48 15 37 43 8 5 38 43 22 22 42 46 40 21 26 6 12 21 50 49 7 12 32 21 42 8 49 14 34 10 14 3 4 11 34 10 18 41 34 21 21 10 28 46 0 42 46 31 28 38 25 22 11 6 20 29 39 49]
	[14 35 31 36 27 13 13 42 44 19 30 18 33 20 40 27 19 35 41 25 33 24 5 24 21 18 27 47 46 41 19 10 49 22 6 47 9 24 39 49 8 14 42 40 14 5 20 25 6 32 6 29 31 6 12 31 10 36 34 45 32 12 43 1 1 50 22 2 39 28 45 46 8 16 7 1 24 17 18 4 38 8 21 21 50 28 42 0 27 35 29 47 27 7 20 36 11 9 7 26]
	[38 35 45 41 49 18 41 31 14 7 25 22 33 50 27 44 46 27 29 8 18 22 32 15 24 41 40 10 18 38 8 31 13 21 37 43 3 28 15 9 29 19 5 3 1 43 40 7 27 27 46 3 10 24 43 14 17 41 5 27 19 41 17 48 40 5 28 33 22 19 35 49 9 46 11 44 38 9 4 44 30 5 5 30 16 28 12 2 0 35 29 12 15 15 41 42 22 21 20 49]
	[12 37 1 50 29 28 20 32 41 6 26 13 20 17 37 8 20 47 27 33 28 24 5 18 18 25 9 10 46 17 40 6 14 33 50 49 32 31 15 49 18 31 46 26 8 38 37 36 38 46 21 20 17 43 1 19 21 29 5 11 43 25 38 20 23 44 12 5 20 8 21 7 24 1 35 38 9 6 18 1 16 5 11 1 45 19 32 8 23 0 16 40 12 46 30 15 36 11 21 40]
	[21 31 23 10 38 38 7 12 3 3 33 47 20 34 4 17 38 7 26 48 46 12 22 21 33 10 10 44 15 45 15 7 45 22 5 5 6 27 22 40 50 20 29 10 37 27 12 35 28 39 36 35 50 48 41 5 41 41 8 39 19 11 37 48 14 29 3 22 30 17 20 12 6 4 18 48 11 16 41 18 22 8 34 24 12 46 43 10 5 23 0 26 41 6 46 22 49 6 25 11]
	[45 5 31 1 48 27 10 5 45 47 14 33 12 47 40 31 18 9 40 5 8 47 41 37 22 4 10 45 37 19 32 21 26 46 5 42 16 4 19 3 16 23 6 30 42 46 44 34 26 10 1 26 1 38 7 35 6 39 17 34 6 39 25 38 9 24 24 40 1 2 23 18 10 32 17 24 14 13 16 32 16 15 16 48 38 13 18 8 31 5 21 0 33 25 36 30 31 7 11 6]
	[4 5 23 13 17 6 19 41 27 25 42 49 14 47 46 24 33 13 25 20 13 39 21 21 21 21 29 10 19 32 18 37 19 9 49 33 22 28 34 25 40 25 15 2 34 22 45 28 1 48 46 13 23 24 25 25 39 18 38 20 32 18 44 1 29 41 43 4 14 31 33 31 17 50 18 20 1 11 42 38 14 50 31 33 22 2 20 23 5 39 30 1 0 30 3 22 36 11 12 9]
	[3 36 44 30 1 5 20 36 35 24 36 14 34 8 38 49 6 47 42 48 19 4 36 42 3 15 50 36 42 20 10 8 48 31 47 14 29 16 1 45 18 41 16 47 34 16 24 27 41 13 31 6 37 19 17 24 6 19 30 30 2 15 6 3 19 46 5 25 14 17 8 33 29 29 38 22 19 27 25 10 50 6 25 36 7 12 10 35 40 1 47 29 46 0 35 41 34 6 40 30]
	[23 38 42 3 27 36 22 47 10 9 45 31 35 48 47 32 13 32 37 3 33 5 38 48 18 9 33 6 8 27 2 35 12 38 30 8 14 50 35 38 14 12 46 44 14 27 8 23 44 28 35 25 22 45 46 38 35 33 35 2 37 5 19 20 43 35 23 15 21 31 16 47 4 9 38 36 24 40 14 29 7 47 20 33 32 33 23 7 46 13 8 14 50 45 0 21 25 26 22 39]
	[50 29 33 9 11 6 32 42 15 31 24 8 25 17 23 10 21 48 35 40 28 29 13 46 34 38 10 43 9 1 15 27 43 24 15 37 5 8 29 45 24 5 14 45 25 21 20 28 5 5 46 37 48 26 18 18 24 28 27 32 3 1 32 48 27 23 34 46 34 21 32 44 18 44 34 2 2 23 37 18 22 15 43 18 3 40 10 4 21 8 3 14 22 28 13 0 16 2 48 7]
	[42 21 21 33 42 3 39 13 35 22 23 20 38 1 10 9 19 15 22 27 41 20 19 16 20 11 23 45 1 40 28 25 30 25 15 14 35 31 41 12 10 6 42 10 48 20 38 16 26 5 47 32 39 46 34 9 38 26 43 19 44 32 29 35 15 46 9 33 4 12 41 35 26 3 6 47 19 45 17 5 45 8 45 3 27 47 34 27 28 38 9 29 40 22 3 39 0 4 25 16]
	[14 31 1 27 44 49 47 49 35 35 17 43 5 18 12 50 5 19 50 42 43 10 24 42 15 14 3 46 38 21 46 41 8 17 27 31 48 15 35 32 41 14 23 41 35 24 18 17 45 37 10 49 50 12 12 38 15 13 30 29 26 43 2 29 14 11 46 47 23 38 28 32 47 39 22 10 4 31 25 36 12 45 45 29 11 13 6 17 24 8 40 42 5 49 27 44 46 0 11 38]
	[22 11 26 24 4 1 16 21 16 6 10 13 35 9 3 2 18 10 34 39 24 46 37 46 42 12 45 28 21 23 31 12 24 17 48 28 24 5 16 18 36 40 21 17 39 37 16 50 47 29 18 25 4 42 43 30 8 42 15 5 11 22 16 43 21 27 27 23 8 46 32 40 7 45 13 7 1 48 28 39 44 1 32 48 21 27 13 43 47 48 34 8 40 15 25 10 28 39 0 40]
	[31 31 4 35 30 21 28 20 24 17 24 24 24 11 44 20 9 2 8 25 40 47 49 13 2 46 23 28 25 31 42 2 50 25 4 35 17 7 46 5 47 8 2 26 25 9 5 4 4 9 23 10 14 44 24 35 1 8 31 49 46 26 50 41 41 29 25 12 17 33 25 22 27 11 25 3 7 7 29 23 7 22 48 18 45 31 5 29 9 45 24 49 23 5 43 40 41 32 48 0]
];