nCameras=50;
nCrossings=100;
prices=[48 30 17 20 30 27 3 44 42 39 23 39 35 35 39 11 4 28 31 26 21 33 5 39 12 22 12 20 12 3 8 5 21 49 24 36 10 11 26 11 13 47 23 37 38 12 26 43 11 25];
ranges=[25 44 8 10 33 12 45 10 2 10 47 8 30 33 45 40 34 10 32 36 43 35 30 24 22 30 33 48 35 26 6 27 3 28 39 48 27 30 8 12 37 8 30 11 4 44 15 29 16 4];
autonomies=[3 3 6 2 4 5 5 6 2 6 3 3 6 4 4 6 4 2 6 2 2 3 3 2 3 3 4 6 3 6 2 2 5 2 5 5 4 5 3 6 6 5 4 4 5 4 5 3 5 6];
consumptions=[14 5 43 22 22 50 32 25 40 25 11 14 1 50 3 36 12 4 10 15 12 21 48 31 4 46 35 49 44 49 2 47 47 32 44 18 1 35 19 27 49 28 25 32 2 10 47 47 41 35];
minRanges=[
	[0 45 12 44 2 17 13 44 50 45 35 46 2 8 32 11 43 46 49 27 6 29 39 18 40 40 31 20 31 23 37 37 49 20 4 39 3 17 41 40 11 26 12 21 23 48 17 3 2 45 8 32 3 42 28 48 29 43 34 10 2 5 30 7 43 23 14 32 35 27 8 47 10 11 12 12 20 8 7 8 24 10 10 26 14 50 7 31 38 15 43 24 19 30 21 8 49 23 25 47]
	[14 0 44 36 17 10 15 12 10 5 20 21 46 3 15 4 1 13 47 6 10 43 10 12 45 22 22 11 50 39 45 8 24 5 31 38 40 7 23 38 40 25 29 27 24 40 38 19 22 38 44 44 45 16 33 28 17 1 27 10 44 27 28 1 20 27 4 12 42 16 23 6 16 48 45 42 44 13 3 1 18 43 1 40 11 13 47 26 23 12 16 30 50 28 50 28 31 35 48 42]
	[48 32 0 37 49 15 49 35 1 26 39 8 14 10 26 25 50 22 18 16 9 49 42 42 39 26 2 35 47 29 16 34 28 35 46 40 13 23 43 15 36 39 42 22 21 19 46 45 14 28 13 14 27 21 4 12 1 35 44 28 33 10 22 17 13 13 6 13 35 1 21 50 46 14 21 18 9 25 8 44 38 40 33 28 25 34 16 1 46 5 49 39 20 33 37 32 33 43 38 43]
	[6 21 6 0 37 26 16 15 23 1 14 35 12 8 30 8 16 9 17 41 13 6 7 8 44 32 48 2 41 2 31 41 34 26 45 22 23 20 2 10 22 13 47 35 16 14 39 19 15 37 7 21 38 24 15 23 14 49 20 50 40 10 49 18 42 3 43 12 3 47 14 32 44 10 26 37 13 28 19 43 10 7 1 20 46 31 44 41 29 5 33 11 17 6 26 28 49 1 26 4]
	[45 23 41 6 0 34 14 32 39 46 49 38 5 34 20 6 48 35 37 49 19 23 2 4 20 12 18 13 7 47 15 22 49 4 50 45 32 2 35 4 11 46 6 6 1 8 30 17 34 50 4 6 16 49 35 8 24 11 29 6 14 36 49 31 32 22 10 2 32 1 28 18 50 7 4 25 5 41 19 42 38 45 37 46 18 45 46 44 16 27 42 34 16 34 26 22 20 22 9 46]
	[30 10 13 27 31 0 1 41 22 42 32 12 47 5 7 2 48 2 21 28 23 50 46 28 12 43 27 23 46 18 33 3 22 17 22 7 11 17 34 22 6 4 28 32 7 26 20 6 19 24 17 42 26 49 2 47 42 48 12 15 23 22 9 49 9 19 32 11 40 38 6 34 22 36 1 5 13 12 5 35 12 7 29 8 36 6 36 28 42 23 3 17 32 7 44 11 32 27 11 49]
	[9 30 10 41 8 20 0 3 8 44 15 47 48 15 25 4 13 47 13 22 26 19 7 43 28 8 28 6 7 15 8 21 5 6 24 23 42 28 26 4 19 34 44 25 18 47 12 25 22 49 13 36 38 7 16 27 30 10 21 39 26 38 38 6 7 35 32 9 34 14 8 46 11 17 20 12 49 19 6 11 26 39 4 47 2 33 11 47 19 11 35 22 44 23 45 41 10 21 23 25]
	[1 42 8 5 35 32 32 0 32 39 49 12 49 5 9 29 8 27 25 43 27 36 45 20 24 22 3 36 8 14 29 8 39 30 37 28 35 9 23 39 24 10 39 44 6 21 6 1 24 38 12 28 21 49 4 37 50 44 34 43 33 43 33 23 5 38 11 32 49 25 38 20 1 42 35 25 42 39 11 30 48 33 15 2 44 33 6 34 29 18 15 17 26 19 34 11 27 11 19 3]
	[50 8 22 38 9 37 9 28 0 47 19 48 14 50 44 17 34 47 15 37 32 34 36 8 26 2 6 43 50 6 5 17 8 15 24 30 37 20 1 41 28 24 12 29 17 22 25 32 21 12 19 18 21 3 11 49 10 44 15 13 50 2 6 34 1 39 25 13 26 37 8 10 11 13 12 34 7 36 40 11 17 14 7 17 13 28 18 14 39 13 2 9 17 21 38 29 48 18 28 12]
	[14 8 35 44 26 50 50 25 37 0 27 44 19 33 22 6 3 48 7 42 18 38 15 2 1 5 41 20 30 31 15 48 9 17 16 39 34 4 14 36 29 15 42 35 6 15 4 27 44 4 36 24 3 8 1 17 10 21 49 5 40 9 26 28 19 2 46 9 22 11 49 24 25 7 29 41 24 13 31 24 22 2 28 50 6 48 39 45 14 1 39 5 29 28 7 32 50 20 39 33]
	[30 30 39 5 36 26 31 17 45 19 0 25 22 22 44 45 35 8 22 5 12 50 47 14 33 42 23 30 29 13 20 7 28 32 38 10 27 10 31 11 37 31 7 48 50 18 36 32 45 19 34 28 49 9 28 50 30 24 24 19 39 18 19 9 34 13 20 22 13 23 26 29 31 36 48 25 27 45 22 14 21 46 30 15 48 45 25 48 21 30 5 14 48 24 23 21 27 22 22 35]
	[16 16 44 41 18 13 48 5 38 25 8 0 2 6 4 6 42 47 26 37 37 24 33 35 45 19 38 29 38 2 23 40 26 31 16 18 38 31 10 31 12 19 30 39 27 16 4 32 1 37 29 13 48 43 24 32 30 19 31 36 48 40 45 3 5 3 22 46 7 8 38 7 5 3 41 24 15 19 25 40 41 18 25 19 48 14 15 22 25 26 5 45 39 44 43 33 46 7 43 19]
	[17 13 49 41 34 30 30 22 11 45 18 21 0 3 35 25 1 21 35 6 18 43 21 6 35 10 23 10 25 28 33 35 8 29 11 14 49 29 6 15 45 16 40 15 43 25 14 42 11 6 4 35 12 38 46 49 36 43 36 42 7 14 45 8 13 17 3 33 40 14 8 1 48 41 24 34 10 36 33 27 11 26 1 15 12 10 43 40 17 29 25 31 34 6 15 43 40 41 36 36]
	[43 49 19 33 27 14 50 29 41 26 13 44 28 0 20 46 4 29 6 5 34 45 21 39 12 25 49 33 18 6 18 16 41 12 13 31 44 36 35 12 35 27 25 44 40 26 21 4 25 26 19 27 43 46 35 36 31 9 40 20 39 9 33 18 13 19 27 39 46 3 37 36 40 50 22 20 28 45 44 11 33 20 20 37 9 2 2 47 39 23 9 14 22 21 39 45 42 33 16 22]
	[4 35 32 16 28 5 21 38 16 7 41 10 16 36 0 24 44 48 36 42 27 3 9 14 14 44 20 24 11 47 45 20 1 36 44 43 42 2 22 34 12 3 40 22 35 28 34 19 24 19 22 8 27 22 13 29 25 21 34 31 6 35 15 27 2 33 18 31 14 14 28 14 27 11 32 43 24 15 37 17 42 36 10 38 47 17 49 12 18 45 16 48 28 41 17 41 31 25 12 50]
	[49 10 4 9 33 2 16 6 42 35 32 39 23 22 7 0 4 28 45 11 18 26 19 22 31 18 37 21 16 21 11 20 44 5 15 40 37 7 29 4 45 45 20 6 28 31 47 23 19 7 32 48 18 35 17 40 48 46 50 41 36 48 14 36 2 50 1 1 16 7 31 25 34 32 22 17 37 35 8 10 7 16 36 16 41 37 44 40 39 19 30 20 19 23 49 35 38 47 28 35]
	[43 15 17 40 14 38 42 34 2 17 14 11 41 14 3 42 0 30 36 40 45 12 21 1 26 23 13 26 29 47 13 11 28 46 38 2 12 3 46 18 19 16 46 2 4 24 3 24 25 7 18 9 42 20 22 21 28 3 8 21 36 17 8 43 17 49 27 41 11 20 20 47 32 19 28 37 50 50 48 12 32 49 10 18 20 1 50 5 44 35 46 35 6 2 39 5 1 21 48 41]
	[14 14 37 5 41 36 42 49 14 1 48 35 46 45 30 10 12 0 46 5 49 39 2 21 31 32 37 9 47 3 7 38 36 18 11 5 43 46 19 6 13 49 42 49 1 6 11 15 34 21 39 5 21 34 27 20 29 29 17 20 50 39 10 34 30 21 27 20 16 15 35 34 36 23 28 28 28 33 48 6 33 18 17 28 32 31 34 37 35 49 35 3 44 17 43 37 18 49 22 24]
	[34 50 2 49 40 41 50 37 35 24 18 1 13 45 33 10 28 44 0 9 44 27 38 19 2 31 11 12 14 18 45 34 11 15 30 12 35 31 23 44 48 39 37 28 25 33 30 13 13 38 25 40 3 6 36 9 41 48 39 38 43 46 7 35 21 35 28 41 32 19 37 15 40 20 32 5 32 35 26 47 8 45 16 24 43 35 23 12 21 4 17 31 44 19 43 5 10 48 17 23]
	[33 2 50 20 50 31 15 44 21 34 15 27 30 19 47 44 19 35 37 0 47 10 17 13 34 5 30 17 42 49 31 32 40 2 26 24 21 14 36 37 34 24 19 8 8 12 49 50 48 5 29 38 7 32 8 11 1 31 1 11 18 5 6 34 2 7 47 2 12 11 11 48 33 49 24 30 17 24 11 13 20 44 4 49 44 34 38 15 40 33 47 18 38 37 8 17 49 28 44 29]
	[28 48 39 38 35 24 50 46 23 16 13 42 31 15 44 6 37 27 40 19 0 29 50 25 18 16 26 33 7 5 38 29 14 4 19 21 21 19 5 18 33 50 13 11 48 8 35 32 38 26 46 10 19 11 3 23 33 20 25 50 13 20 44 8 40 39 47 1 43 1 38 27 1 27 38 16 46 38 36 17 41 23 15 6 49 28 12 7 35 3 48 39 43 46 14 10 1 11 11 26]
	[23 40 35 34 46 24 33 27 13 10 25 30 8 43 12 19 26 37 19 30 30 0 47 49 39 7 36 25 31 28 34 26 24 4 28 27 18 38 32 4 43 30 24 46 28 5 37 38 2 9 50 21 20 13 41 8 26 49 47 48 18 11 7 9 21 19 47 9 16 24 20 42 46 36 18 44 5 33 16 40 13 48 26 19 49 45 21 24 25 46 32 33 21 42 16 44 38 45 32 36]
	[5 2 30 18 14 1 44 30 14 46 28 13 39 14 15 5 26 40 12 42 44 21 0 34 22 1 41 4 43 40 26 38 8 21 8 47 32 31 17 3 27 34 44 31 30 24 28 40 37 23 24 23 48 50 31 35 16 25 31 33 10 4 39 35 46 41 36 39 24 12 6 25 24 6 14 7 47 27 19 13 18 20 7 15 13 5 32 25 11 21 25 30 31 5 41 48 17 23 50 24]
	[50 22 49 21 46 11 49 36 26 11 44 24 4 46 46 43 35 46 10 32 37 11 37 0 48 11 32 6 49 30 2 20 21 6 3 12 37 38 38 4 15 10 42 16 27 20 36 39 7 21 2 25 27 25 8 5 18 33 47 7 4 18 9 22 25 39 2 1 14 50 22 22 10 37 25 5 22 40 49 22 4 4 16 15 38 18 37 27 10 18 34 18 21 17 1 3 29 2 21 17]
	[30 1 43 24 23 7 38 16 41 3 4 21 38 50 47 23 40 38 16 48 29 36 20 30 0 16 33 47 47 13 48 15 40 45 14 22 19 28 4 1 14 20 44 14 8 42 16 10 16 29 40 1 45 12 9 40 8 34 9 3 9 30 36 45 34 47 40 25 18 14 8 21 23 28 18 33 31 45 47 25 17 28 36 46 7 19 28 24 6 18 45 14 29 7 11 27 19 37 47 42]
	[19 10 43 38 16 17 39 30 35 49 41 28 33 37 42 7 49 30 8 39 13 24 27 40 35 0 41 5 3 40 16 9 25 24 41 12 22 42 42 3 10 5 16 17 25 31 16 13 32 25 11 11 35 39 8 17 7 20 30 16 24 44 47 25 26 40 12 47 38 35 36 41 36 38 24 3 39 35 48 39 28 38 40 45 44 15 41 26 8 3 36 42 42 18 11 8 31 38 5 47]
	[24 48 39 28 48 20 12 46 6 6 11 48 9 5 25 13 1 41 33 41 47 9 14 22 40 8 0 31 22 45 49 32 16 36 45 8 31 34 37 25 28 23 50 34 41 22 5 38 17 43 13 41 28 12 36 9 38 18 35 2 3 10 31 41 34 23 11 6 4 32 27 14 4 39 43 36 46 8 48 5 35 29 19 9 5 15 4 13 10 2 48 47 16 8 23 26 11 11 32 47]
	[5 11 12 18 22 14 20 44 14 50 20 30 25 35 41 28 23 24 21 41 45 1 34 28 20 34 18 0 25 33 44 14 11 29 35 20 13 43 41 11 32 22 38 13 22 9 10 7 6 7 42 32 8 36 44 46 5 20 17 34 45 46 40 36 44 7 21 19 44 28 40 38 22 40 19 17 26 1 45 50 35 35 2 33 19 8 19 3 38 25 20 16 28 50 49 9 11 17 18 43]
	[44 33 3 24 40 28 21 34 25 34 48 47 20 11 30 12 46 37 10 11 3 21 23 5 48 36 16 29 0 12 26 41 38 38 42 46 39 4 38 43 15 32 2 30 6 2 10 25 40 50 22 12 34 40 20 26 27 47 21 17 41 18 48 4 10 48 20 14 43 14 25 19 7 47 28 43 2 45 1 18 34 8 19 48 42 25 13 8 50 26 28 23 38 5 40 16 10 8 11 2]
	[14 4 44 22 41 19 13 5 30 23 5 36 24 41 13 37 34 35 48 20 29 18 34 31 13 25 42 5 16 0 14 50 49 34 19 3 5 13 46 41 45 26 7 32 6 23 2 28 1 10 3 24 15 16 42 17 16 43 35 39 2 19 28 31 12 47 8 26 1 4 48 18 50 30 13 44 12 23 29 29 43 35 11 8 24 41 23 20 50 5 33 12 35 41 45 8 10 47 37 15]
	[7 36 32 7 35 11 37 23 40 29 31 20 29 43 50 43 47 42 17 1 45 30 5 43 29 22 43 11 36 43 0 31 49 46 37 27 26 15 6 10 48 45 49 39 38 25 47 34 35 25 50 32 50 43 27 29 31 33 27 34 1 28 33 15 23 43 22 14 21 16 24 33 23 33 24 25 47 1 37 40 7 15 7 16 22 49 21 20 20 40 36 4 16 19 22 46 32 28 14 29]
	[34 16 13 30 15 41 48 46 20 48 23 30 20 44 6 36 42 4 42 46 42 34 46 47 26 43 3 9 27 23 34 0 41 2 27 19 35 26 48 20 15 23 39 34 35 30 36 5 44 10 23 40 13 30 49 19 11 48 1 23 36 34 5 40 29 3 36 42 48 34 1 26 6 32 7 9 23 46 9 46 28 49 17 47 19 31 36 37 42 28 20 16 47 43 12 23 45 10 14 23]
	[18 12 23 35 1 5 5 49 22 12 42 26 7 2 9 27 10 24 21 30 31 3 5 28 19 32 34 50 5 15 49 21 0 10 26 16 35 46 40 28 20 43 39 7 29 30 9 38 49 40 16 2 45 38 29 9 20 13 2 25 20 36 26 19 18 42 37 11 2 5 24 17 3 40 49 11 9 36 8 43 24 13 13 16 27 11 23 5 4 9 4 44 13 14 4 21 14 36 14 9]
	[2 6 46 11 35 21 45 25 2 30 44 47 19 24 47 28 38 25 20 49 46 8 27 34 36 12 33 35 5 31 48 17 47 0 40 10 13 36 36 43 17 34 39 47 32 44 46 1 4 23 42 10 5 41 33 10 29 34 27 5 48 22 32 25 1 26 25 25 35 30 27 10 15 2 50 27 24 29 19 45 16 38 21 35 50 6 29 1 23 46 41 12 24 18 4 17 4 8 23 24]
	[22 42 47 14 4 18 49 41 24 45 23 6 47 6 17 50 3 19 33 32 20 14 3 15 41 27 49 43 7 31 40 11 10 26 0 7 15 44 13 31 42 15 18 48 12 14 14 8 28 26 45 29 7 3 11 31 11 21 22 17 17 18 47 17 7 46 10 42 49 16 8 50 24 26 22 13 27 29 5 31 20 25 26 2 19 39 18 48 37 20 21 36 24 40 24 27 36 45 9 10]
	[46 22 30 37 46 10 13 49 23 43 11 1 9 44 41 44 19 34 17 36 26 19 15 15 3 4 24 2 9 30 25 4 24 45 9 0 31 29 19 8 9 3 36 16 30 13 44 39 8 26 22 35 47 34 22 30 10 32 12 1 15 19 18 4 25 38 5 39 18 35 3 45 40 45 17 35 38 3 32 31 12 23 47 17 33 23 39 18 35 12 1 40 6 41 25 49 30 42 49 36]
	[12 8 16 16 43 36 47 41 39 22 15 30 30 28 39 31 20 11 38 35 24 28 18 12 36 10 13 13 39 38 7 36 21 7 15 25 0 34 21 22 20 24 34 49 5 35 17 30 29 3 36 16 5 44 23 17 7 24 4 38 47 3 23 1 42 12 47 10 7 25 14 3 19 16 12 3 44 13 19 6 50 17 13 21 12 2 37 37 15 11 47 33 33 18 28 20 49 43 8 41]
	[1 19 11 42 6 23 23 25 8 30 15 38 31 6 1 10 50 5 17 21 44 20 26 32 39 22 40 30 1 28 38 23 18 10 5 9 25 0 19 34 28 23 25 26 21 42 36 15 49 41 38 17 18 3 46 34 39 1 47 17 28 14 42 1 24 15 45 26 4 40 9 21 28 2 26 19 38 18 35 24 40 24 45 30 21 45 21 11 49 22 45 31 36 48 7 40 45 46 2 18]
	[20 30 6 10 29 4 44 26 26 48 23 12 12 12 7 23 47 2 50 21 35 10 32 50 34 14 5 5 1 19 15 13 48 13 43 35 5 13 0 1 20 35 30 28 37 25 45 5 50 24 33 47 6 5 9 34 29 22 34 37 8 33 21 11 33 11 41 16 20 47 42 31 28 44 12 14 24 17 16 36 20 35 44 49 38 19 10 23 3 39 38 37 29 44 17 6 18 50 2 8]
	[1 9 30 21 1 19 9 41 47 2 42 47 24 28 11 33 26 9 48 1 14 29 41 1 10 15 5 32 45 24 33 36 36 34 23 23 46 50 36 0 44 42 44 37 17 26 16 34 24 3 38 47 13 1 8 41 45 37 20 3 22 6 14 16 1 47 19 50 47 10 38 39 46 6 19 50 17 48 11 11 34 28 41 38 16 27 29 19 42 1 11 17 32 41 36 38 48 3 41 14]
	[25 5 2 37 45 3 2 7 44 9 13 38 27 4 9 43 50 2 2 42 31 25 43 39 15 14 45 10 39 24 8 28 16 17 42 10 28 2 1 16 0 18 32 19 25 31 22 7 16 16 15 28 44 29 16 38 1 33 35 26 44 5 46 15 19 45 49 21 29 17 13 45 17 7 43 34 24 5 25 3 29 34 3 19 39 9 15 14 13 21 16 44 21 42 31 7 39 37 33 23]
	[38 2 23 5 7 23 2 38 46 33 12 27 9 37 24 2 23 47 31 43 33 49 9 1 36 3 45 16 28 21 12 22 36 23 39 34 28 27 21 32 47 0 4 38 29 16 47 38 11 11 22 2 23 39 26 26 32 33 42 20 9 28 35 14 33 1 38 15 8 44 12 17 10 22 29 33 6 36 21 39 14 24 18 43 25 18 20 21 37 31 48 31 48 12 13 19 45 42 12 4]
	[11 14 16 1 9 23 14 30 40 26 10 4 39 45 31 18 41 10 15 40 18 19 13 2 48 43 37 17 13 16 10 23 29 32 19 43 42 6 50 13 21 23 0 49 11 28 42 29 49 4 35 42 19 50 15 25 6 29 26 25 46 37 43 12 50 31 47 12 38 8 40 50 15 23 34 50 45 37 16 2 34 17 16 38 31 12 13 10 20 17 20 43 41 43 33 35 49 30 37 5]
	[10 6 17 4 27 18 4 9 12 16 18 49 20 28 31 21 33 27 29 47 31 38 47 27 8 24 40 7 37 1 47 15 24 22 4 1 14 27 29 38 41 41 6 0 32 18 36 25 12 34 14 43 38 8 16 21 43 38 11 31 16 18 50 14 42 17 36 25 31 4 3 46 47 25 1 13 9 13 39 48 44 15 38 49 45 39 16 32 20 39 48 12 17 19 5 23 37 25 35 3]
	[42 24 46 39 20 29 14 22 37 32 13 29 32 25 20 11 2 43 15 41 44 1 45 34 23 13 3 5 2 33 2 19 41 43 34 50 26 9 29 41 2 19 13 26 0 27 24 20 42 45 38 49 19 8 43 2 35 4 39 50 46 22 19 39 48 50 7 47 37 40 23 23 17 8 49 4 19 42 22 43 41 29 13 3 1 33 27 9 35 34 6 20 32 50 30 46 34 9 1 43]
	[18 26 18 38 10 20 20 13 1 16 48 40 32 17 4 34 39 17 30 1 24 43 18 42 47 4 47 11 39 39 40 43 12 32 34 7 45 23 37 45 25 5 28 41 17 0 1 16 45 21 17 15 12 44 33 33 28 2 45 26 27 40 23 41 23 14 8 21 50 14 40 41 30 33 40 49 14 32 11 4 6 1 27 46 38 13 36 24 46 2 30 46 32 45 4 27 46 5 39 18]
	[25 40 16 33 40 11 37 9 25 47 20 7 28 28 6 39 44 39 26 44 17 7 14 25 40 39 41 29 30 19 45 44 44 11 32 6 42 12 28 6 7 16 5 23 42 45 0 24 8 39 25 7 8 17 34 46 8 23 18 32 18 17 14 27 44 45 3 10 46 35 48 29 17 3 38 41 2 34 30 41 33 44 45 46 32 37 30 25 3 21 47 14 3 32 32 30 46 47 13 47]
	[45 4 19 1 26 23 1 40 25 37 43 8 14 36 2 39 5 46 50 6 18 48 44 49 49 40 24 5 30 2 42 31 11 28 41 40 20 34 6 42 13 15 14 46 12 23 44 0 12 43 36 10 49 10 48 31 21 25 8 13 5 20 33 26 28 40 12 26 14 22 28 16 34 3 17 3 47 20 35 40 2 31 34 18 6 46 27 13 32 8 14 17 7 14 11 47 30 27 5 2]
	[3 17 30 35 25 33 23 10 40 40 36 14 42 2 9 16 31 1 18 45 14 13 40 17 29 20 38 49 22 17 3 20 46 15 31 33 30 42 13 35 3 31 12 27 15 38 13 12 0 34 7 26 9 4 33 11 17 3 29 29 43 32 2 44 34 39 50 10 36 8 36 38 27 35 41 5 9 13 8 44 36 45 27 37 34 13 16 46 12 43 22 24 26 21 43 44 4 19 11 11]
	[21 24 40 10 3 5 32 50 3 18 44 47 19 3 34 21 8 38 23 30 43 36 49 9 46 25 22 17 43 23 27 41 22 31 37 31 32 14 8 33 50 14 48 21 17 42 8 16 8 0 31 48 1 17 39 22 2 18 30 10 44 16 32 4 2 34 16 40 13 39 4 4 24 21 37 35 2 29 27 15 33 21 14 4 9 7 18 6 29 2 39 50 49 33 19 24 6 14 36 28]
	[23 22 9 10 20 7 36 6 23 27 6 48 15 22 2 3 1 11 48 7 36 14 20 30 22 49 8 16 14 48 31 39 15 43 21 17 34 41 37 6 18 5 43 50 15 5 36 29 25 44 0 37 8 22 29 3 10 42 3 10 35 13 2 25 3 35 46 44 13 48 36 47 12 47 19 32 22 46 18 44 5 30 1 12 34 30 5 17 39 9 27 31 5 42 48 7 17 25 18 27]
	[15 6 46 13 25 16 6 36 49 47 35 6 40 2 49 50 12 12 27 1 30 10 47 31 46 42 26 18 22 14 39 27 35 2 9 41 14 40 34 49 28 41 4 29 1 13 25 49 14 44 28 0 9 1 46 14 40 16 10 20 36 24 28 43 20 39 48 45 47 44 29 30 36 25 23 9 34 46 5 3 34 47 17 48 9 12 4 13 23 40 7 9 46 3 9 3 23 45 31 11]
	[18 14 40 24 33 21 10 16 10 18 28 15 31 24 16 38 46 24 49 34 41 47 8 31 42 33 13 50 27 43 32 7 46 6 36 2 14 3 35 28 17 41 25 3 19 4 23 10 50 30 28 39 0 17 28 40 43 24 29 43 38 42 50 1 14 17 7 39 29 34 37 42 21 11 2 6 45 11 39 7 28 18 5 39 31 2 7 12 2 9 43 8 27 8 26 6 34 25 40 24]
	[31 32 34 44 23 24 46 22 17 39 38 1 42 1 13 6 13 19 34 10 16 38 15 24 2 31 46 44 3 35 6 16 24 15 50 26 50 49 5 14 45 24 28 35 43 19 16 37 20 43 24 45 35 0 30 7 46 36 1 5 26 33 4 46 7 15 38 14 1 9 11 16 38 12 3 15 14 50 11 1 44 25 50 30 6 6 34 42 32 1 3 9 41 39 42 5 34 49 35 1]
	[45 5 9 20 22 22 33 35 23 14 4 7 18 29 39 14 40 2 32 4 11 21 36 35 19 18 25 45 28 39 2 37 23 11 28 39 41 44 38 40 45 15 11 25 7 49 16 45 29 6 6 7 6 30 0 6 9 23 22 16 5 39 46 29 30 23 21 12 50 15 35 8 38 21 31 14 3 35 32 14 41 17 31 24 6 14 17 7 28 49 6 39 14 32 5 20 50 11 47 35]
	[12 33 43 13 17 14 47 14 31 37 32 10 6 8 11 41 44 40 39 10 23 28 34 27 25 44 14 17 5 2 8 18 30 10 7 34 3 21 25 48 10 8 10 2 47 9 39 5 16 37 20 25 49 5 24 0 14 23 16 48 30 23 49 22 49 37 19 13 30 37 27 46 28 47 47 36 32 7 40 29 20 32 22 20 33 22 43 21 25 5 44 11 42 13 38 29 1 26 7 1]
	[36 29 49 10 42 16 13 48 37 40 46 1 20 35 11 7 10 41 15 7 44 21 10 34 29 19 11 1 24 21 40 40 34 2 40 34 43 19 31 48 16 10 26 24 36 23 46 25 41 6 48 38 21 12 37 18 0 48 44 7 46 32 27 46 10 34 32 19 35 10 7 35 37 45 30 49 45 12 49 5 29 1 23 24 34 17 9 22 46 31 50 19 10 22 6 49 6 46 38 39]
	[44 23 46 43 12 6 47 27 12 11 39 7 33 27 49 32 28 10 1 37 3 32 13 24 11 2 13 19 7 34 25 13 34 47 39 33 26 9 40 47 6 7 35 2 1 23 31 31 25 16 28 43 18 17 30 5 17 0 41 12 10 10 14 22 19 21 21 12 38 32 36 36 22 1 43 1 3 2 18 13 47 25 11 24 25 48 18 30 27 6 44 44 11 17 14 29 7 27 19 26]
	[46 20 7 38 41 8 10 36 9 48 21 13 19 29 6 1 34 7 8 6 19 20 46 43 11 35 42 7 37 6 14 35 16 37 21 20 11 50 38 50 33 8 17 41 6 35 3 48 16 41 26 38 23 19 8 19 24 6 0 40 34 29 34 46 21 10 9 27 48 10 35 38 10 49 31 21 9 1 44 23 43 15 11 48 47 41 39 21 3 5 12 5 33 45 32 27 46 17 39 50]
	[31 33 5 41 33 11 27 11 20 44 16 18 9 7 10 17 41 22 18 43 30 6 41 38 16 36 23 9 20 27 12 2 20 48 6 40 33 50 34 33 22 23 3 31 42 25 29 42 22 46 8 46 49 20 32 6 16 26 30 0 33 3 8 9 3 3 11 9 14 15 45 34 19 38 7 17 29 3 3 9 43 17 23 17 20 25 44 21 50 15 17 41 30 11 33 35 28 37 25 8]
	[30 22 42 44 13 35 6 15 26 15 8 37 45 21 23 21 19 40 5 27 35 44 9 22 1 34 4 20 8 48 25 1 29 37 25 23 22 8 41 27 4 31 28 37 45 38 48 15 25 25 11 18 17 45 16 47 41 43 8 4 0 48 44 15 38 41 13 47 23 16 27 39 24 28 39 45 9 2 32 6 6 24 10 16 25 15 47 15 12 38 12 48 21 1 15 27 2 13 2 21]
	[42 5 26 30 1 50 22 49 34 1 43 19 45 2 24 50 39 26 22 46 16 7 41 32 20 20 40 19 16 22 11 39 39 8 43 1 22 29 47 12 1 8 6 16 49 2 16 10 18 15 29 44 18 37 33 50 8 14 19 38 38 0 23 27 6 20 22 29 12 34 12 42 17 2 4 42 8 22 39 17 3 30 16 6 45 10 37 41 38 23 19 11 50 29 15 49 30 26 26 19]
	[20 32 25 6 38 31 13 40 33 25 50 27 2 33 19 10 49 1 39 33 5 19 47 39 47 40 42 9 11 8 12 13 15 33 36 1 9 19 49 31 4 46 19 22 31 18 36 10 11 36 10 25 41 46 47 6 24 2 26 9 13 37 0 11 34 32 45 2 25 1 49 27 28 34 7 17 35 11 19 9 49 36 37 37 28 33 10 45 35 45 2 26 45 15 37 37 49 28 46 29]
	[16 11 20 34 47 32 15 22 5 14 35 18 47 22 45 40 42 39 31 2 37 24 14 17 2 30 3 21 39 40 16 31 24 40 30 28 4 3 42 16 45 18 49 20 5 35 31 23 31 9 30 32 46 25 12 5 42 19 12 19 42 28 3 0 24 42 26 30 33 12 48 8 9 10 37 4 19 49 45 35 37 6 31 50 16 4 16 20 50 28 17 46 31 42 47 14 25 7 21 37]
	[29 38 46 7 2 3 49 36 46 6 44 32 31 39 25 38 5 27 15 7 17 28 29 20 22 46 29 41 5 38 34 44 32 22 29 19 33 33 8 5 12 39 36 37 17 40 33 21 27 48 11 16 45 7 30 26 38 49 1 27 10 45 41 28 0 20 1 34 13 31 26 12 11 30 8 3 2 24 38 47 4 33 37 11 29 17 40 44 23 35 16 41 29 42 18 27 38 37 34 2]
	[49 5 42 10 40 32 15 32 44 21 15 14 2 42 16 36 36 1 46 44 43 35 6 16 29 30 25 30 15 21 2 36 50 12 3 24 44 16 39 48 9 5 48 8 44 8 20 37 3 20 11 5 37 18 46 13 22 44 35 38 16 3 27 46 32 0 42 29 48 12 32 13 11 14 25 46 6 39 4 36 18 6 5 49 37 12 49 18 6 14 43 30 50 24 29 28 14 45 47 23]
	[27 24 6 34 10 42 32 35 44 41 2 36 30 3 26 18 3 15 39 20 46 27 8 5 49 19 47 22 8 12 46 34 47 43 9 42 47 27 4 12 40 1 50 25 24 19 31 33 18 18 10 9 3 26 42 29 38 42 46 19 35 45 6 49 8 1 0 31 42 49 38 2 48 16 40 25 12 42 40 27 29 30 15 40 13 44 34 18 31 49 2 41 33 6 29 50 25 4 28 32]
	[42 14 26 36 8 13 43 9 10 39 35 45 43 2 1 28 12 7 33 15 3 24 25 3 41 3 41 2 38 10 12 32 22 13 10 48 9 18 21 35 24 25 5 29 29 28 7 4 13 31 11 31 11 40 49 43 27 41 16 9 32 20 1 21 8 2 23 0 15 12 28 7 16 6 27 7 10 7 29 42 45 33 34 21 14 25 33 1 9 42 42 25 25 21 46 26 19 9 24 13]
	[41 20 43 37 31 43 4 11 17 15 39 10 50 7 11 36 29 46 47 5 46 10 41 22 46 28 19 22 43 35 39 42 30 24 2 49 38 36 50 22 12 50 20 18 23 45 23 9 33 42 35 28 28 17 38 5 43 2 2 47 15 19 29 28 3 8 50 43 0 29 34 23 28 18 45 15 29 32 31 7 46 17 19 16 12 33 36 47 30 6 8 12 18 2 48 20 48 28 32 42]
	[14 38 32 31 32 43 35 14 3 9 31 3 26 36 24 34 49 14 2 46 27 43 18 27 24 34 21 31 42 28 20 16 20 9 3 48 43 19 3 10 14 29 37 4 25 9 28 45 45 25 19 10 21 27 32 44 22 13 13 2 24 33 9 2 31 11 24 45 19 0 42 9 7 50 4 36 14 40 20 7 48 42 33 37 15 46 46 12 45 47 29 4 32 17 2 44 25 27 47 28]
	[1 20 39 43 24 39 26 8 30 46 43 31 40 44 12 21 14 40 15 34 43 15 4 35 31 16 30 46 33 38 23 31 33 10 45 49 27 9 28 14 50 5 21 20 7 13 22 37 34 31 46 24 42 8 16 27 35 3 41 49 37 32 36 21 46 31 25 16 50 29 0 40 8 25 18 27 38 15 3 8 41 17 18 25 21 42 1 3 50 3 16 11 9 12 49 3 2 3 31 16]
	[45 31 1 5 13 36 9 44 29 14 35 32 15 9 15 16 3 33 26 42 4 17 27 32 39 47 33 28 28 28 43 49 28 8 47 16 4 31 34 45 34 30 15 2 38 19 34 11 13 32 32 31 29 23 39 33 23 39 31 15 31 38 6 16 40 1 34 46 46 22 39 0 36 36 48 46 5 26 13 31 11 23 27 44 44 44 3 5 19 32 34 38 8 8 14 43 37 50 3 25]
	[13 3 30 37 6 38 32 30 47 35 38 4 1 28 16 48 34 3 25 25 34 47 28 39 7 50 22 50 17 21 23 24 30 16 21 15 4 45 39 36 48 40 10 32 41 13 6 20 8 27 21 24 26 33 47 21 5 1 3 20 39 44 44 37 4 4 8 30 15 26 14 13 0 1 33 31 18 3 33 19 35 49 49 10 32 35 43 21 47 35 33 13 50 6 50 1 11 1 30 22]
	[11 7 38 35 23 24 10 23 28 45 36 4 5 34 23 23 12 19 49 25 9 28 10 28 23 4 47 46 32 36 9 14 27 29 39 28 31 45 12 16 20 44 16 36 50 36 43 6 13 4 11 34 18 14 16 27 30 31 42 9 18 6 20 21 20 30 28 26 37 13 27 33 3 0 22 9 25 22 7 15 13 37 1 45 6 15 45 23 43 36 34 41 18 31 33 15 23 16 42 44]
	[20 7 13 19 22 13 35 14 14 28 43 47 12 23 40 7 42 19 10 25 20 22 36 36 27 7 40 21 1 35 7 13 6 6 2 6 44 42 37 17 14 15 24 47 30 35 6 24 40 38 16 23 25 46 34 45 15 20 14 14 46 9 6 5 31 21 21 48 38 39 47 49 14 7 0 30 49 15 50 29 19 1 1 42 2 41 12 8 35 1 28 36 29 22 21 2 43 46 28 28]
	[32 15 32 5 44 24 31 45 37 34 41 9 2 33 43 32 14 4 12 31 23 34 25 20 8 7 37 25 14 14 11 21 25 35 21 2 29 16 50 32 16 47 2 20 9 13 36 28 14 50 29 31 50 24 5 30 31 14 17 28 33 32 11 7 1 35 6 5 31 45 33 25 38 42 34 0 26 13 13 18 32 47 15 13 20 22 17 27 24 41 31 5 21 15 23 33 44 15 42 48]
	[2 42 20 39 45 14 6 39 39 49 29 34 42 7 32 48 14 38 6 1 13 17 46 48 28 41 26 10 45 10 9 30 38 50 38 14 38 50 23 9 23 37 9 30 20 21 44 35 2 31 23 36 50 14 2 39 18 24 24 23 8 42 11 24 18 29 28 37 25 3 11 16 4 25 30 29 0 35 43 42 35 29 15 1 30 9 6 41 11 47 5 41 27 33 5 43 1 45 26 37]
	[41 36 15 5 34 44 14 30 48 7 37 45 25 19 44 13 18 2 49 15 48 43 32 16 26 48 31 7 7 41 10 38 4 1 16 28 1 41 42 47 39 44 29 7 43 1 11 9 49 8 5 24 7 6 7 25 31 13 33 26 28 41 47 37 20 28 49 39 48 16 8 50 21 41 30 21 11 0 32 37 34 45 36 28 36 47 33 42 39 26 32 50 36 18 12 43 18 30 28 45]
	[5 18 50 5 16 34 49 3 12 18 44 29 45 9 29 11 15 50 3 7 5 15 37 22 17 14 27 42 49 12 31 48 48 5 45 28 29 35 49 43 19 16 20 7 19 36 11 33 43 4 35 8 39 18 26 20 43 1 45 24 38 7 32 38 50 20 2 2 16 6 12 15 48 49 12 27 46 5 0 46 50 22 33 16 11 44 14 6 21 18 6 12 29 47 19 4 7 37 19 22]
	[45 9 17 49 12 34 23 36 42 39 26 1 22 18 27 40 50 37 30 32 9 5 29 15 50 5 14 18 30 13 11 3 21 5 36 2 30 22 15 48 28 31 7 14 25 16 28 50 21 11 30 4 33 8 26 34 12 14 30 47 32 47 25 45 11 43 6 23 5 23 46 36 19 6 37 1 27 48 22 0 15 47 45 29 49 22 19 23 10 28 42 42 31 29 12 23 9 15 45 3]
	[35 17 13 7 45 11 1 21 36 49 32 25 27 44 5 31 21 8 24 30 15 3 36 35 44 14 5 23 43 6 3 15 19 23 4 2 21 48 38 42 34 36 30 44 18 2 28 30 11 38 12 14 37 7 36 45 22 44 26 37 37 9 50 11 32 24 33 42 13 25 34 12 25 28 5 36 27 21 29 25 0 38 28 46 20 32 47 23 34 18 25 30 9 28 42 9 11 49 43 19]
	[48 42 39 17 48 45 6 17 16 32 13 31 8 50 19 32 45 4 24 11 8 27 24 31 9 28 28 25 42 18 37 23 15 50 35 5 3 16 21 3 49 16 20 29 15 35 39 34 11 45 36 40 49 26 47 9 14 18 9 19 11 15 14 40 44 40 21 20 34 47 29 25 22 16 4 36 17 47 12 18 41 0 49 30 12 16 17 31 30 27 30 6 5 19 17 17 13 22 49 13]
	[11 3 45 50 24 43 46 47 7 38 11 13 42 5 10 9 9 39 33 34 2 27 14 28 35 39 18 46 18 31 7 3 11 7 14 36 44 12 13 22 42 30 17 17 5 2 31 27 44 18 43 5 45 38 31 21 25 6 12 31 12 21 3 14 23 19 18 37 1 2 15 23 37 43 40 22 19 20 41 24 1 29 0 20 21 31 48 19 34 18 40 10 19 25 35 28 49 44 38 41]
	[18 37 3 38 19 41 40 11 19 9 7 1 13 1 7 29 44 48 21 46 19 38 14 1 22 18 33 49 9 2 10 29 5 6 16 12 20 43 39 20 2 4 36 38 35 12 19 48 46 23 25 18 23 7 31 42 34 35 41 47 35 27 23 27 19 40 18 39 32 45 45 4 42 10 31 31 10 49 14 26 45 6 3 0 47 18 47 6 42 8 34 10 17 20 25 33 16 22 12 50]
	[24 4 34 23 34 30 23 18 5 14 5 6 36 20 32 18 7 16 7 20 17 42 32 43 42 25 5 5 48 40 38 6 26 48 46 36 16 14 3 47 32 16 50 14 15 50 27 13 42 43 45 12 30 22 25 6 20 50 33 29 41 40 43 31 6 20 30 39 39 43 15 40 14 40 43 31 26 14 2 15 37 25 34 19 0 39 14 3 30 5 11 43 28 2 14 10 29 41 49 28]
	[15 19 20 46 16 42 24 37 7 17 47 45 40 2 29 35 27 16 21 20 8 10 29 15 34 3 30 17 17 10 31 46 23 6 46 49 1 39 31 39 41 23 8 7 31 40 14 17 43 43 1 10 46 48 16 38 15 10 30 10 24 23 25 13 47 37 18 18 1 24 34 40 50 26 30 44 23 20 35 30 50 17 4 2 38 0 15 28 9 18 32 14 37 40 21 8 8 44 21 4]
	[38 31 29 38 48 18 21 3 20 7 18 17 21 2 21 47 20 39 23 32 46 3 33 47 20 27 36 9 35 44 44 8 23 22 23 31 34 39 42 3 27 24 4 44 5 6 38 1 45 43 26 42 50 28 3 16 34 11 6 14 45 29 41 2 30 48 45 31 1 36 6 11 26 22 6 11 34 21 12 22 12 15 32 49 19 14 0 38 9 45 44 2 11 24 35 21 6 11 36 13]
	[47 20 49 19 13 29 38 41 48 19 45 22 12 45 31 24 32 31 11 48 1 4 41 5 2 23 1 13 2 26 36 44 25 50 12 37 9 25 15 8 38 37 26 50 43 4 44 40 34 20 46 28 1 42 26 45 9 4 50 37 21 10 41 19 16 39 7 4 28 34 11 15 17 11 12 22 30 38 4 40 7 14 48 39 3 21 22 0 16 13 10 4 18 27 34 29 16 18 15 33]
	[50 29 43 16 18 26 8 38 26 46 49 21 37 40 47 6 8 40 24 45 34 18 6 49 33 35 50 2 6 49 6 12 3 12 19 44 10 26 31 37 32 28 37 10 39 22 16 21 42 36 2 46 28 42 37 47 23 1 3 21 31 31 44 5 28 21 7 38 39 32 43 40 40 49 48 25 42 42 50 9 48 28 32 1 30 36 36 27 0 17 7 14 34 21 25 17 13 6 33 49]
	[30 16 6 17 30 20 30 10 26 45 20 36 10 39 29 22 43 44 46 14 20 24 50 34 35 35 17 4 50 33 13 6 8 13 16 5 14 14 10 42 5 32 13 38 8 39 45 17 9 16 30 22 11 47 35 42 41 43 33 20 49 37 44 25 24 50 38 4 5 36 2 35 16 40 25 41 5 39 32 33 49 38 31 44 23 23 29 42 5 0 16 37 4 25 33 19 35 35 38 50]
	[16 21 19 33 43 4 25 16 41 44 27 38 48 45 10 23 37 28 17 24 4 32 38 31 29 3 21 21 46 26 1 48 19 4 46 43 34 49 11 27 19 41 6 12 14 41 36 32 41 38 41 41 40 21 13 17 39 41 45 10 36 23 37 46 48 36 17 14 46 8 37 44 33 12 10 29 29 24 43 23 47 41 32 8 15 48 9 27 45 49 0 43 43 24 17 35 43 37 36 37]
	[31 9 14 47 35 24 19 4 31 49 50 11 25 38 10 39 36 22 25 32 3 11 14 13 41 9 28 4 13 30 13 22 12 20 43 19 2 48 6 18 20 49 37 34 25 17 8 10 8 19 39 44 17 15 28 43 22 10 10 49 38 3 11 21 16 35 5 2 44 7 12 3 34 5 38 23 3 9 26 45 3 45 14 2 18 41 22 34 43 24 21 0 38 3 18 24 40 47 2 3]
	[22 35 9 40 13 23 32 48 7 33 21 4 5 40 26 49 2 8 46 38 14 48 42 27 29 45 22 4 35 5 2 5 44 45 18 19 18 38 13 13 9 46 21 7 49 1 45 23 1 4 36 29 20 38 1 36 49 32 14 5 48 7 42 27 18 8 35 8 32 35 18 16 33 14 41 4 44 44 13 8 8 41 6 20 22 8 4 5 2 28 37 8 0 49 33 14 10 12 15 50]
	[8 39 48 20 46 34 7 45 4 41 8 29 11 24 10 10 18 39 7 47 44 29 40 35 11 34 31 33 1 40 29 36 28 25 28 37 39 12 6 50 42 15 27 23 36 5 16 28 41 36 1 42 47 13 4 10 1 34 25 24 7 1 21 26 38 1 25 12 9 2 5 17 38 7 5 24 23 39 45 14 38 45 46 25 24 42 9 21 27 21 40 35 5 0 27 44 5 7 36 26]
	[49 26 24 31 31 44 11 18 34 45 1 11 4 29 2 8 27 36 5 11 21 12 23 49 19 12 12 6 15 17 9 15 47 18 26 48 6 47 17 44 24 31 23 8 15 12 8 42 21 34 15 37 27 7 33 29 13 6 22 25 6 17 39 9 48 34 3 8 40 14 23 35 13 42 36 23 20 5 16 24 49 37 1 3 29 22 11 34 15 3 32 36 36 24 0 1 11 3 23 24]
	[18 42 9 49 4 32 15 2 6 29 41 39 28 36 49 37 20 19 19 18 10 26 24 44 6 30 40 3 34 45 29 10 15 26 49 19 9 23 4 13 23 40 8 19 7 14 48 12 31 12 43 9 23 40 19 7 8 50 3 21 44 21 9 1 27 31 18 8 30 6 47 21 3 46 12 44 1 46 49 20 15 28 43 41 44 6 9 44 27 36 49 4 18 45 6 0 5 38 39 18]
	[39 7 48 47 47 23 10 42 4 9 17 15 43 46 19 28 25 6 32 14 27 26 35 42 38 8 4 36 13 45 32 30 50 18 21 42 37 16 24 45 16 15 35 45 39 35 50 33 1 12 25 39 30 24 43 33 2 35 33 31 24 42 25 23 10 7 49 47 37 21 15 29 3 16 36 27 2 17 34 2 48 12 30 3 12 44 7 33 6 33 45 16 50 22 31 47 0 28 22 41]
	[49 19 14 12 10 34 11 34 18 12 28 45 38 6 41 43 36 42 4 12 8 36 40 47 1 39 40 25 26 2 46 1 49 35 14 16 22 23 23 50 48 6 17 40 24 5 40 38 43 20 31 33 44 48 17 23 29 14 16 12 8 22 33 50 12 50 28 7 26 34 35 44 45 22 41 11 27 12 33 23 40 15 44 9 45 39 36 36 1 33 17 40 4 28 33 48 20 0 18 37]
	[44 7 25 11 49 10 46 27 11 32 46 29 23 29 43 37 11 4 22 48 42 40 20 29 36 13 49 35 33 28 12 28 47 32 1 21 50 17 38 7 28 13 8 45 20 39 24 7 41 6 32 42 33 13 31 47 11 35 23 42 32 27 38 7 18 37 44 35 29 36 20 18 4 38 29 50 44 7 37 43 11 33 33 32 6 50 44 16 14 44 2 6 22 16 31 32 2 21 0 10]
	[13 1 44 22 29 4 48 50 42 31 40 41 49 35 19 49 24 50 26 43 13 21 8 26 39 37 28 16 35 13 38 9 34 45 5 32 6 46 50 32 37 22 22 12 29 41 9 20 10 13 17 9 17 5 28 17 10 9 28 47 30 25 23 39 39 4 46 24 27 4 5 39 29 6 33 19 23 36 31 25 13 20 38 34 49 37 5 16 17 38 37 38 36 10 5 45 18 47 45 0]
];