K=8;
N=150;
P=[632 483 201 603 589 132 562 187];
R=[36 32 28 37 36 17 28 30];
A=[5 3 3 5 5 2 5 2];
C=[50 36 68 37 36 33 32 71];
M=[
  [0 33 31 50 50 50 50 50 44 50 50 22 50 50 50 50 50 50 50 45 50 50 50 39 50 33 50 50 50 50 50 25 50 50 50 50 50 50 50 50 42 14 50 50 50 50 32 50 50 50 50 50 50 50 50 11 50 50 17 50 50 50 50 50 50 50 50 50 50 50 50 50 14 50 39 50 50 50 37 50 22 50 50 50 50 50 50 25 50 50 50 50 50 50 50 50 50 50 36 50 50 50 50 50 50 45 40 50 50 50 50 29 50 50 50 50 50 50 40 50 50 50 37 50 50 50 50 50 50 50 50 50 50 50 27 50 50 50 50 50 50 50 29 50 50 50 50 50 50 50]
  [33 0 50 50 50 50 50 50 50 50 50 31 50 50 50 50 50 50 50 11 50 46 50 50 50 3 50 50 50 50 50 48 37 50 50 50 50 50 50 50 15 47 50 50 50 50 50 50 50 50 50 50 50 50 50 41 50 50 45 50 50 50 50 50 50 50 50 50 50 50 50 50 28 50 44 50 50 50 32 50 28 50 50 50 50 50 50 8 50 50 50 50 50 50 50 50 36 50 8 50 50 50 50 50 50 50 35 50 50 50 50 10 50 50 36 50 50 50 16 50 50 50 50 50 50 50 50 50 50 50 50 50 50 50 50 39 50 50 50 50 50 50 22 50 50 50 50 50 50 50]
  [31 50 0 50 50 50 50 50 31 50 50 25 50 50 50 50 50 50 50 50 50 50 50 50 50 50 50 50 50 50 50 7 50 50 50 50 50 50 50 50 50 26 50 50 50 50 1 50 50 50 50 50 50 50 50 37 50 50 14 50 50 50 50 50 50 50 50 50 50 50 50 50 27 50 50 50 50 50 36 50 50 50 50 50 50 50 50 49 50 50 50 50 50 50 50 50 50 50 50 50 50 50 50 50 50 40 50 50 50 50 50 50 50 50 50 50 50 50 50 50 50 50 50 50 50 40 50 50 50 50 50 50 50 50 5 50 50 50 50 50 50 50 50 50 50 50 50 50 50 50]
  [50 50 50 0 50 2 50 50 50 50 50 50 50 50 50 50 50 50 50 46 50 48 50 50 50 50 50 43 50 50 50 50 25 50 50 50 50 50 50 50 43 50 50 50 50 50 50 50 50 50 50 50 50 24 50 50 50 19 50 50 50 50 50 50 50 50 50 50 50 50 50 50 50 49 50 50 50 50 50 50 50 50 50 50 50 50 50 50 45 50 50 50 50 50 50 50 32 50 50 2 39 40 50 50 50 50 50 50 40 50 50 50 50 50 38 50 50 50 50 50 50 50 50 50 16 50 50 50 50 50 50 50 50 50 50 33 50 50 50 50 50 50 50 50 50 43 50 50 50 50]
  [50 50 50 50 0 50 50 50 50 8 50 50 44 50 23 50 50 50 50 50 50 50 37 50 50 50 50 50 16 50 50 50 50 50 50 46 50 50 50 21 50 50 50 39 50 50 50 18 50 50 28 50 50 50 50 50 50 50 50 50 47 15 37 30 50 50 39 42 50 50 47 49 50 50 50 50 50 34 50 50 50 50 49 50 50 50 50 50 50 50 50 50 50 26 42 34 50 50 50 50 50 50 50 38 20 50 50 40 50 50 50 50 50 42 50 50 50 22 50 50 37 50 50 19 50 50 50 41 50 28 16 37 50 9 50 50 50 31 50 24 50 20 50 50 50 50 5 50 50 50]
  [50 50 50 2 50 0 50 50 50 50 50 50 50 50 50 50 50 50 50 45 50 48 50 50 50 50 50 44 50 50 50 50 23 50 50 50 50 50 50 50 42 50 50 50 50 50 50 50 50 50 50 50 50 23 50 50 50 21 50 50 50 50 50 50 50 50 50 50 50 50 50 50 50 47 50 50 50 50 50 50 50 50 50 50 50 50 50 50 43 50 50 50 50 50 50 50 30 50 48 2 37 40 50 50 50 50 50 50 38 50 50 50 50 50 36 50 50 50 50 50 50 50 50 50 14 50 50 50 50 50 50 50 50 50 50 31 50 50 50 50 50 50 50 50 50 43 50 50 50 50]
  [50 50 50 50 50 50 0 50 50 50 50 50 50 50 50 50 50 50 11 50 45 50 50 50 20 50 22 50 50 50 50 50 50 50 50 50 50 31 43 50 50 50 36 50 50 50 50 50 47 50 50 50 50 50 23 50 31 50 50 50 50 50 50 50 50 50 50 50 50 50 50 50 50 50 50 50 50 50 50 50 50 50 50 50 50 50 50 50 50 35 5 50 50 50 50 50 50 50 50 50 50 50 17 50 50 50 50 50 50 50 14 50 47 50 50 50 50 50 50 50 50 50 50 50 50 50 7 50 50 50 50 50 50 50 50 50 50 50 50 50 50 50 50 50 50 50 50 50 39 50]
  [50 50 50 50 50 50 50 0 50 50 50 50 45 46 50 50 47 49 50 50 35 50 32 50 50 50 50 50 50 20 10 50 50 50 20 50 40 43 50 50 50 50 50 50 50 50 50 50 27 45 50 12 14 50 50 50 50 50 50 50 50 50 50 50 50 50 50 50 39 50 22 50 50 44 50 47 50 50 50 50 50 39 32 17 50 50 32 50 48 40 50 50 43 50 50 50 50 47 50 50 50 50 50 50 50 50 50 50 50 49 50 50 35 44 50 25 50 50 50 50 31 50 50 49 50 50 50 27 43 50 50 50 44 50 50 50 50 50 22 50 50 50 50 41 50 50 50 23 50 50]
  [44 50 31 50 50 50 50 50 0 50 42 50 50 50 50 37 50 50 50 50 50 50 50 50 50 50 50 50 50 50 50 35 50 50 50 50 50 50 50 50 50 31 50 50 50 50 31 50 50 50 50 50 50 50 50 42 50 50 33 50 50 50 50 50 23 50 50 50 50 50 50 50 50 50 50 50 50 50 50 50 50 50 50 50 35 50 50 50 50 50 50 50 50 50 50 50 50 50 50 50 50 50 50 50 50 12 50 50 50 50 50 50 50 50 50 50 50 50 50 35 50 50 50 50 50 9 50 50 50 50 50 50 50 50 34 50 20 50 50 50 20 50 50 50 50 50 50 50 50 21]
  [50 50 50 50 8 50 50 50 50 0 50 50 41 50 28 50 50 50 50 50 50 50 30 50 50 50 50 50 9 50 50 50 50 50 50 50 50 50 50 17 50 50 50 44 50 50 50 22 50 50 26 50 49 50 50 50 50 50 50 48 45 8 43 38 50 50 38 40 50 50 39 47 50 50 50 50 50 41 50 50 50 50 44 50 50 50 50 50 50 50 50 50 50 33 50 37 50 50 50 50 50 50 50 46 27 50 50 37 50 50 50 50 50 38 50 50 50 18 50 50 30 50 50 12 50 50 50 34 50 35 12 36 50 7 50 50 50 37 50 32 50 21 50 49 50 50 10 50 50 50]
  [50 50 50 50 50 50 50 50 42 50 0 50 50 50 50 31 50 50 50 50 50 50 50 50 50 50 50 50 50 50 50 50 50 50 50 50 50 50 50 50 50 50 50 50 40 50 50 50 50 50 50 50 50 50 50 50 50 50 50 50 50 50 50 50 19 50 50 50 50 17 50 50 50 50 50 50 50 50 50 50 50 50 50 50 8 50 50 50 50 50 50 38 50 50 50 50 50 50 50 50 50 50 50 50 50 38 50 50 50 50 50 50 50 50 50 50 50 50 50 11 50 50 50 50 50 33 50 50 50 50 50 50 50 50 50 50 22 50 50 50 27 50 50 50 50 50 50 50 50 21]
  [22 31 25 50 50 50 50 50 50 50 50 0 50 50 50 50 50 50 50 41 50 50 50 50 50 29 50 50 50 50 50 18 50 50 50 50 50 50 50 50 45 30 50 50 50 50 25 50 50 50 50 50 50 50 50 33 50 50 19 50 50 50 50 50 50 50 50 50 50 50 50 50 9 50 50 50 50 50 16 50 38 50 50 50 50 50 50 27 50 50 50 50 50 50 50 50 50 50 38 50 50 50 50 50 50 50 50 50 50 50 50 34 50 50 50 50 50 50 27 50 50 50 50 50 50 50 50 50 50 50 50 50 50 50 20 50 50 50 50 50 50 50 41 50 50 50 50 50 50 50]
  [50 50 50 50 44 50 50 45 50 41 50 50 0 50 50 50 50 50 50 50 50 50 23 26 50 50 50 50 45 50 40 50 50 50 50 50 50 50 50 50 50 50 50 41 50 50 50 35 50 50 50 48 41 50 50 50 50 50 50 50 50 45 50 50 50 50 50 50 50 50 36 50 50 50 31 28 50 50 50 50 49 31 12 35 50 50 18 50 50 50 50 50 50 50 50 32 50 50 50 50 50 50 50 50 50 50 42 50 50 21 50 50 50 3 50 50 50 50 50 50 25 50 27 35 50 50 50 33 28 50 50 50 31 36 50 50 50 47 27 50 50 50 50 50 50 50 41 50 50 50]
  [50 50 50 50 50 50 50 46 50 50 50 50 50 0 50 50 39 50 47 50 47 50 50 50 36 50 50 50 50 48 50 50 50 50 46 50 37 30 10 50 50 50 50 50 50 50 50 50 30 2 50 45 50 50 50 50 50 50 50 50 50 50 50 50 50 50 50 50 8 50 50 50 50 50 50 50 50 50 50 50 50 50 50 50 50 34 50 50 50 26 50 50 49 50 50 50 50 50 50 50 50 50 43 50 50 50 50 50 50 50 50 50 14 50 50 24 50 50 50 50 50 50 50 50 50 50 45 50 50 50 50 50 50 50 50 50 50 50 50 50 50 50 50 50 50 50 50 26 13 50]
  [50 50 50 50 23 50 50 50 50 28 50 50 50 50 0 50 50 50 50 50 50 50 50 50 50 50 50 50 30 50 50 50 50 50 50 50 50 50 50 23 50 50 50 50 50 50 50 38 50 50 24 50 50 50 50 50 50 50 50 50 38 30 18 28 50 45 26 30 50 50 50 39 50 50 50 50 50 36 50 50 50 50 50 50 50 50 50 50 50 50 50 50 50 34 34 50 50 50 50 50 50 50 50 34 15 50 50 37 50 50 50 50 50 50 50 50 50 28 50 50 50 39 50 39 50 50 50 50 50 32 25 27 50 32 50 50 50 44 50 19 50 14 50 50 50 50 27 50 50 50]
  [50 50 50 50 50 50 50 50 37 50 31 50 50 50 50 0 50 50 50 50 50 50 50 50 50 50 50 50 50 50 50 50 50 50 50 24 50 50 50 50 50 50 50 37 15 50 50 50 50 50 50 50 50 50 50 50 50 50 50 50 50 50 50 48 28 50 50 50 50 46 50 50 50 50 50 50 50 40 50 50 50 50 50 50 24 50 50 50 50 50 50 20 50 44 48 46 50 50 50 50 50 50 50 45 50 27 50 50 50 50 50 50 50 50 50 50 50 50 50 20 50 50 50 50 50 29 50 50 50 44 50 50 50 50 50 50 25 38 50 50 18 50 50 50 50 50 50 50 50 26]
  [50 50 50 50 50 50 50 47 50 50 50 50 50 39 50 50 0 15 50 50 50 50 50 50 50 50 50 50 50 50 50 50 50 47 50 50 6 50 50 50 50 50 50 50 50 50 50 50 50 37 50 36 41 50 50 50 50 50 50 30 50 50 50 50 50 50 50 50 33 50 44 50 50 50 50 50 50 50 50 50 50 50 50 50 50 10 50 50 50 50 50 50 13 50 50 50 50 50 50 50 50 50 50 50 50 50 50 50 50 50 50 50 44 50 50 28 50 50 50 50 50 50 50 50 50 50 50 49 50 50 50 50 50 50 50 50 50 50 50 50 50 50 50 23 50 50 50 29 50 50]
  [50 50 50 50 50 50 50 49 50 50 50 50 50 50 50 50 15 0 50 50 50 50 50 50 50 50 50 50 50 50 50 50 50 36 50 50 16 50 50 50 50 50 50 50 50 50 50 50 50 50 50 37 40 50 50 50 50 50 50 15 46 50 50 50 50 50 50 50 46 50 40 47 50 50 50 50 50 50 50 50 50 50 50 50 50 24 50 50 50 50 50 50 6 50 50 50 50 50 50 50 50 50 50 50 50 50 50 39 50 50 50 50 50 50 50 37 50 46 50 50 50 50 50 50 50 50 50 43 50 50 50 50 50 50 50 50 50 50 50 50 50 50 50 12 50 50 50 38 50 50]
  [50 50 50 50 50 50 11 50 50 50 50 50 50 47 50 50 50 50 0 50 50 50 50 50 12 50 21 50 50 50 50 50 50 50 50 50 50 34 37 50 50 50 47 50 50 50 50 50 49 49 50 50 50 50 21 50 41 50 50 50 50 50 50 50 50 50 50 50 50 50 50 50 50 50 50 50 50 50 50 50 50 50 50 50 50 50 50 50 50 36 15 50 50 50 50 50 50 50 50 50 50 50 6 50 50 50 50 50 50 50 24 50 46 50 50 50 50 50 50 50 50 50 50 50 50 50 6 50 50 50 50 50 50 50 50 50 50 50 50 50 50 50 50 50 50 50 50 50 35 50]
  [45 11 50 46 50 45 50 50 50 50 50 41 50 50 50 50 50 50 50 0 50 36 50 50 50 12 50 50 50 50 50 50 31 50 50 50 50 50 50 50 14 50 50 50 50 50 50 50 50 50 50 50 50 50 50 50 50 50 50 50 50 50 50 50 50 50 50 50 50 50 50 50 39 50 50 50 50 50 38 50 37 50 50 50 50 50 50 19 50 50 50 50 50 50 50 50 33 50 12 44 49 50 50 50 50 50 39 50 50 50 50 18 50 50 34 50 50 50 19 50 50 50 50 50 50 50 50 50 50 50 50 50 50 50 50 36 50 50 50 50 50 50 29 50 50 50 50 50 50 50]
  [50 50 50 50 50 50 45 35 50 50 50 50 50 47 50 50 50 50 50 50 0 50 50 50 48 50 50 50 50 16 31 50 50 50 16 50 50 21 47 50 50 50 32 50 50 50 50 50 19 48 50 45 48 46 50 50 50 50 50 50 50 50 50 50 50 50 50 50 45 50 50 50 50 31 50 50 50 50 50 50 50 44 50 33 50 50 49 50 30 24 45 50 50 50 50 50 50 18 50 50 47 47 50 50 50 50 50 50 45 50 32 50 34 50 50 43 50 50 50 50 50 50 50 50 50 50 45 50 49 50 50 50 49 50 50 50 50 50 41 50 50 50 50 50 50 43 50 41 44 50]
  [50 46 50 48 50 48 50 50 50 50 50 50 50 50 50 50 50 50 50 36 50 0 50 50 50 45 50 50 50 50 50 50 50 50 50 50 50 50 50 50 48 50 50 50 50 16 50 50 50 50 50 50 50 50 50 50 50 50 50 50 50 50 50 50 50 50 50 50 50 50 50 50 50 50 50 50 50 50 50 50 50 50 50 50 50 50 50 50 50 50 50 50 50 50 50 50 50 50 49 47 50 50 50 50 50 50 50 50 50 50 50 50 50 50 50 50 20 50 40 50 50 50 50 50 50 50 50 50 50 50 50 50 50 50 50 50 50 50 50 50 50 50 50 50 50 50 50 50 50 50]
  [50 50 50 50 37 50 50 32 50 30 50 50 23 50 50 50 50 50 50 50 50 50 0 48 50 50 50 50 29 48 33 50 50 50 49 50 50 50 50 40 50 50 50 50 50 50 50 38 50 50 48 31 23 50 50 50 50 50 50 48 50 30 50 50 50 50 50 50 50 50 15 50 50 50 50 45 50 50 50 50 50 43 18 32 50 50 27 50 50 50 50 50 49 50 50 44 50 50 50 50 50 50 50 50 50 50 50 50 50 40 50 50 50 20 50 50 50 37 50 50 2 50 50 19 50 50 50 10 42 50 35 50 45 28 50 50 50 50 27 50 50 48 50 41 50 50 36 50 50 50]
  [39 50 50 50 50 50 50 50 50 50 50 50 26 50 50 50 50 50 50 50 50 50 48 0 50 50 50 50 50 50 50 50 50 50 50 46 50 50 50 50 50 40 50 34 50 50 50 42 50 50 50 50 50 50 50 30 50 50 50 50 50 50 50 50 50 50 50 50 50 50 50 50 50 50 17 32 50 50 50 50 28 40 36 50 50 50 37 49 50 50 50 50 50 50 50 30 50 50 50 50 50 50 50 50 50 50 30 50 50 24 50 46 50 28 48 50 50 50 50 50 50 50 5 50 50 50 50 50 35 50 50 50 37 50 50 50 50 46 47 50 50 50 35 50 50 50 50 50 50 50]
  [50 50 50 50 50 50 20 50 50 50 50 50 50 36 50 50 50 50 12 50 48 50 50 50 0 50 33 50 50 50 50 50 50 50 50 50 50 28 26 50 50 50 50 50 50 50 50 50 42 38 50 50 50 50 32 50 50 50 50 50 50 50 50 50 50 50 50 50 42 50 50 50 50 50 50 50 50 50 50 50 50 50 50 50 50 50 50 50 50 29 25 50 50 50 50 50 50 50 50 50 50 50 7 50 50 50 50 50 50 50 28 50 36 50 50 50 50 50 50 50 50 50 50 50 50 50 12 50 50 50 50 50 50 50 50 50 50 50 50 50 50 50 50 50 50 50 50 50 23 50]
  [33 3 50 50 50 50 50 50 50 50 50 29 50 50 50 50 50 50 50 12 50 45 50 50 50 0 50 50 50 50 50 46 39 50 50 50 50 50 50 50 18 47 50 50 50 50 50 50 50 50 50 50 50 50 50 41 50 50 43 50 50 50 50 50 50 50 50 50 50 50 50 50 26 50 46 50 50 50 29 50 30 50 50 50 50 50 50 9 50 50 50 50 50 50 50 50 39 50 11 50 50 50 50 50 50 50 38 50 50 50 50 13 50 50 39 50 50 50 13 50 50 50 50 50 50 50 50 50 50 50 50 50 50 50 48 42 50 50 50 50 50 50 24 50 50 50 50 50 50 50]
  [50 50 50 50 50 50 22 50 50 50 50 50 50 50 50 50 50 50 21 50 50 50 50 50 33 50 0 50 50 50 50 50 50 50 50 50 50 50 50 50 50 50 50 50 50 50 50 50 50 50 50 50 50 50 3 50 36 50 50 50 50 50 50 50 50 50 50 50 50 50 50 50 50 50 50 50 50 50 50 50 50 50 50 50 50 50 50 50 50 50 23 50 50 50 50 50 50 50 50 50 50 50 26 50 50 50 50 50 50 50 35 50 50 50 50 50 50 50 50 50 50 50 50 50 50 50 25 50 50 50 50 50 50 50 50 50 50 50 50 50 50 50 50 50 50 50 50 50 50 50]
  [50 50 50 43 50 44 50 50 50 50 50 50 50 50 50 50 50 50 50 50 50 50 50 50 50 50 50 0 50 50 50 50 50 50 50 50 50 50 50 50 50 50 26 50 50 50 50 50 50 50 50 50 50 37 50 50 31 34 50 50 50 50 50 50 50 50 50 50 50 50 50 50 50 50 50 50 50 50 50 50 50 50 50 50 50 50 50 50 50 50 50 50 50 50 50 50 50 42 50 45 50 9 50 50 50 50 50 50 50 50 48 50 50 50 50 50 50 50 50 50 50 50 50 50 38 50 50 50 50 50 50 50 50 50 50 50 50 50 50 50 50 50 50 50 50 13 50 50 50 50]
  [50 50 50 50 16 50 50 50 50 9 50 50 45 50 30 50 50 50 50 50 50 50 29 50 50 50 50 50 0 50 50 50 50 50 50 50 50 50 50 12 50 50 50 50 50 50 50 31 50 50 20 50 45 50 50 50 50 50 50 39 38 1 47 45 50 50 33 34 50 50 35 39 50 50 50 50 50 49 50 50 50 50 46 50 50 50 50 50 50 50 50 50 50 42 50 45 50 50 50 50 50 50 50 50 33 50 50 29 50 50 50 50 50 42 50 50 50 10 50 50 29 50 50 11 50 50 50 30 50 43 6 30 50 15 50 50 50 46 50 38 50 18 50 41 50 50 19 50 50 50]
  [50 50 50 50 50 50 50 20 50 50 50 50 50 48 50 50 50 50 50 50 16 50 48 50 50 50 50 50 50 0 15 50 50 50 2 50 50 31 50 50 50 50 48 50 50 50 50 50 20 48 50 31 33 50 50 50 50 50 50 50 50 50 50 50 50 50 50 50 43 50 41 50 50 29 50 43 50 50 50 50 50 34 41 17 50 50 35 50 31 31 50 50 50 50 50 50 50 27 50 50 44 50 50 50 50 50 50 50 43 48 48 50 35 50 50 35 50 50 50 50 47 50 50 50 50 50 50 45 38 50 50 50 39 50 50 50 50 50 25 50 50 50 50 50 50 50 50 33 49 50]
  [50 50 50 50 50 50 50 10 50 50 50 50 40 50 50 50 50 50 50 50 31 50 33 50 50 50 50 50 50 15 0 50 50 50 16 50 50 43 50 50 50 50 50 50 50 50 50 50 29 50 50 21 21 50 50 50 50 50 50 50 50 50 50 50 50 50 50 50 46 50 27 50 50 35 50 39 50 50 50 50 50 30 28 7 50 50 25 50 39 42 50 50 50 50 50 50 50 40 50 50 47 50 50 50 50 50 50 50 46 41 50 50 41 40 50 34 50 50 50 50 33 50 50 50 50 50 50 31 34 50 50 50 35 50 50 50 50 50 14 50 50 50 50 50 50 50 50 32 50 50]
  [25 48 7 50 50 50 50 50 35 50 50 18 50 50 50 50 50 50 50 50 50 50 50 50 50 46 50 50 50 50 50 0 50 50 50 50 50 50 50 50 50 23 50 50 50 50 8 50 50 50 50 50 50 50 50 33 50 50 9 50 50 50 50 50 50 50 50 50 50 50 50 50 21 50 50 50 50 50 31 50 47 50 50 50 50 50 50 43 50 50 50 50 50 50 50 50 50 50 50 50 50 50 50 50 50 43 50 50 50 50 50 48 50 50 50 50 50 50 45 50 50 50 50 50 50 44 50 50 50 50 50 50 50 50 2 50 50 50 50 50 50 50 50 50 50 50 50 50 50 50]
  [50 37 50 25 50 23 50 50 50 50 50 50 50 50 50 50 50 50 50 31 50 50 50 50 50 39 50 50 50 50 50 50 0 50 50 50 50 50 50 50 22 50 50 50 50 50 50 50 50 50 50 50 50 26 50 50 50 44 50 50 50 50 50 50 50 50 50 50 50 50 50 50 50 37 44 40 50 50 50 50 44 43 50 50 50 50 50 40 36 50 50 50 50 50 50 50 7 50 29 23 22 50 50 50 50 50 31 50 23 48 50 34 50 50 14 50 50 50 50 50 50 50 50 50 22 50 50 50 43 50 50 50 40 50 50 10 50 50 50 50 50 50 34 50 50 50 50 50 50 50]
  [50 50 50 50 50 50 50 50 50 50 50 50 50 50 50 50 47 36 50 50 50 50 50 50 50 50 50 50 50 50 50 50 50 0 50 50 50 50 50 50 50 50 50 50 50 50 50 50 50 50 49 50 50 50 50 50 50 50 50 31 33 50 50 50 50 34 45 41 50 50 50 31 50 50 50 50 35 50 50 23 50 50 50 50 50 50 50 50 50 50 50 50 42 50 50 50 50 50 50 50 50 50 50 50 50 50 50 36 50 50 50 50 50 50 50 50 50 50 50 50 50 47 50 50 50 50 50 50 50 50 50 44 50 50 50 50 50 50 50 50 50 50 50 43 22 50 50 50 50 50]
  [50 50 50 50 50 50 50 20 50 50 50 50 50 46 50 50 50 50 50 50 16 50 49 50 50 50 50 50 50 2 16 50 50 50 0 50 50 30 50 50 50 50 47 50 50 50 50 50 18 46 50 31 33 50 50 50 50 50 50 50 50 50 50 50 50 50 50 50 41 50 41 50 50 31 50 45 50 50 50 50 50 36 42 19 50 50 37 50 32 29 50 50 50 50 50 50 50 28 50 50 46 50 50 50 50 50 50 50 44 50 46 50 33 50 50 34 50 50 50 50 48 50 50 50 50 50 50 46 40 50 50 50 41 50 50 50 50 50 27 50 50 50 50 50 50 50 50 32 47 50]
  [50 50 50 50 46 50 50 50 50 50 50 50 50 50 50 24 50 50 50 50 50 50 50 46 50 50 50 50 50 50 50 50 50 50 50 0 50 50 50 50 50 50 50 14 21 50 50 31 50 50 50 50 50 50 50 50 50 50 50 50 50 50 50 31 50 50 50 50 50 50 50 50 50 50 50 50 50 24 50 50 50 50 50 50 48 50 50 50 50 50 50 28 50 23 38 23 50 50 50 50 50 50 50 33 42 40 50 50 50 50 50 50 50 50 50 50 50 50 50 45 50 50 50 50 50 46 50 50 50 25 50 50 50 46 50 50 46 14 50 39 38 50 50 50 50 50 42 50 50 48]
  [50 50 50 50 50 50 50 40 50 50 50 50 50 37 50 50 6 16 50 50 50 50 50 50 50 50 50 50 50 50 50 50 50 50 50 50 0 50 47 50 50 50 50 50 50 50 50 50 47 35 50 30 35 50 50 50 50 50 50 31 50 50 50 50 50 50 50 50 30 50 39 50 50 50 50 50 50 50 50 50 50 50 50 50 50 14 50 50 50 50 50 50 13 50 50 50 50 50 50 50 50 50 50 50 50 50 50 50 50 50 50 50 39 50 50 22 50 50 50 50 50 50 50 50 50 50 50 44 50 50 50 50 50 50 50 50 50 50 50 50 50 50 50 21 50 50 50 24 49 50]
  [50 50 50 50 50 50 31 43 50 50 50 50 50 30 50 50 50 50 34 50 21 50 50 50 28 50 50 50 50 31 43 50 50 50 30 50 50 0 28 50 50 50 39 50 50 50 50 50 15 31 50 49 50 50 50 50 50 50 50 50 50 50 50 50 50 50 50 50 31 50 50 50 50 50 50 50 50 50 50 50 50 50 50 48 50 50 50 50 50 5 33 50 50 50 50 50 50 38 50 50 50 50 34 50 50 50 50 50 50 50 24 50 20 50 50 37 50 50 50 50 50 50 50 50 50 50 29 50 50 50 50 50 50 50 50 50 50 50 50 50 50 50 50 50 50 50 50 36 23 50]
  [50 50 50 50 50 50 43 50 50 50 50 50 50 10 50 50 50 50 37 50 47 50 50 50 26 50 50 50 50 50 50 50 50 50 50 50 47 28 0 50 50 50 50 50 50 50 50 50 32 13 50 50 50 50 50 50 50 50 50 50 50 50 50 50 50 50 50 50 18 50 50 50 50 50 50 50 50 50 50 50 50 50 50 50 50 43 50 50 50 24 47 50 50 50 50 50 50 50 50 50 50 50 32 50 50 50 50 50 50 50 44 50 18 50 50 34 50 50 50 50 50 50 50 50 50 50 36 50 50 50 50 50 50 50 50 50 50 50 50 50 50 50 50 50 50 50 50 35 4 50]
  [50 50 50 50 21 50 50 50 50 17 50 50 50 50 23 50 50 50 50 50 50 50 40 50 50 50 50 50 12 50 50 50 50 50 50 50 50 50 50 0 50 50 50 50 50 50 50 39 50 50 8 50 50 50 50 50 50 50 50 37 27 12 41 46 50 40 21 23 50 50 44 29 50 50 50 50 50 50 50 50 50 50 50 50 50 50 50 50 50 50 50 50 50 45 50 50 50 50 50 50 50 50 50 50 32 50 50 20 50 50 50 50 50 50 50 50 50 5 50 50 40 42 50 22 50 50 50 40 50 45 6 19 50 24 50 50 50 50 50 37 50 9 50 42 50 50 25 50 50 50]
  [42 15 50 43 50 42 50 50 50 50 50 45 50 50 50 50 50 50 50 14 50 48 50 50 50 18 50 50 50 50 50 50 22 50 50 50 50 50 50 50 0 50 50 50 50 50 50 50 50 50 50 50 50 48 50 46 50 50 50 50 50 50 50 50 50 50 50 50 50 50 50 50 40 50 37 44 50 50 47 50 28 50 50 50 50 50 50 18 50 50 50 50 50 50 50 50 21 50 7 41 37 50 50 50 50 50 26 50 39 48 50 13 50 50 21 50 50 50 30 50 50 50 47 50 44 50 50 50 48 50 50 50 46 50 50 24 50 50 50 50 50 50 18 50 50 50 50 50 50 50]
  [14 47 26 50 50 50 50 50 31 50 50 30 50 50 50 50 50 50 50 50 50 50 50 40 50 47 50 50 50 50 50 23 50 50 50 50 50 50 50 50 50 0 50 50 50 50 28 50 50 50 50 50 50 50 50 12 50 50 15 50 50 50 50 50 50 50 50 50 50 50 50 50 24 50 45 50 50 50 46 50 32 50 50 50 50 50 50 39 50 50 50 50 50 50 50 50 50 50 49 50 50 50 50 50 50 32 50 50 50 50 50 43 50 50 50 50 50 50 50 50 50 50 40 50 50 37 50 50 50 50 50 50 50 50 24 50 48 50 50 50 43 50 41 50 50 50 50 50 50 50]
  [50 50 50 50 50 50 36 50 50 50 50 50 50 50 50 50 50 50 47 50 32 50 50 50 50 50 50 26 50 48 50 50 50 50 47 50 50 39 50 50 50 50 0 50 50 50 50 50 48 50 50 50 50 39 50 50 25 50 50 50 50 50 50 50 50 50 50 50 50 50 50 50 50 45 50 50 50 50 50 50 50 50 50 50 50 50 50 50 39 44 32 50 50 50 50 50 50 26 50 50 50 20 50 50 50 50 50 50 50 50 24 50 50 50 50 50 50 50 50 50 50 50 50 50 45 50 42 50 50 50 50 50 50 50 50 50 50 50 50 50 50 50 50 50 50 16 50 50 50 50]
  [50 50 50 50 39 50 50 50 50 44 50 50 41 50 50 37 50 50 50 50 50 50 50 34 50 50 50 50 50 50 50 50 50 50 50 14 50 50 50 50 50 50 50 0 35 50 50 22 50 50 50 50 50 50 50 48 50 50 50 50 50 50 50 36 50 50 50 50 50 50 50 50 50 50 50 50 50 30 50 50 50 50 50 50 50 50 50 50 50 50 50 42 50 24 46 10 50 50 50 50 50 50 50 40 42 45 50 50 50 50 50 50 50 41 50 50 50 50 50 50 50 50 39 48 50 50 50 50 50 28 50 50 50 38 50 50 50 13 50 40 47 50 50 50 50 50 35 50 50 50]
  [50 50 50 50 50 50 50 50 50 50 40 50 50 50 50 15 50 50 50 50 50 50 50 50 50 50 50 50 50 50 50 50 50 50 50 21 50 50 50 50 50 50 50 35 0 50 50 48 50 50 50 50 50 50 50 50 50 50 50 50 50 50 50 34 42 50 50 50 50 50 50 50 50 50 50 50 50 27 50 50 50 50 50 50 35 50 50 50 50 50 50 8 50 33 33 43 50 50 50 50 50 50 50 30 48 41 50 50 50 50 50 50 50 50 50 50 50 50 50 31 50 50 50 50 50 44 50 50 50 32 50 50 50 50 50 50 39 30 50 43 33 50 50 50 50 50 50 50 50 40]
  [50 50 50 50 50 50 50 50 50 50 50 50 50 50 50 50 50 50 50 50 50 16 50 50 50 50 50 50 50 50 50 50 50 50 50 50 50 50 50 50 50 50 50 50 50 0 50 50 50 50 50 50 50 50 50 50 50 50 50 50 50 50 50 50 50 50 50 50 50 50 50 50 50 50 50 50 50 50 50 50 50 50 50 50 50 50 50 50 50 50 50 50 50 50 50 50 50 50 50 50 50 50 50 50 50 50 50 50 50 50 50 50 50 50 50 50 6 50 50 50 50 50 50 50 50 50 50 50 50 50 50 50 50 50 50 50 50 50 50 50 50 50 50 50 50 50 50 50 50 50]
  [32 50 1 50 50 50 50 50 31 50 50 25 50 50 50 50 50 50 50 50 50 50 50 50 50 50 50 50 50 50 50 8 50 50 50 50 50 50 50 50 50 28 50 50 50 50 0 50 50 50 50 50 50 50 50 39 50 50 15 50 50 50 50 50 50 50 50 50 50 50 50 50 28 50 50 50 50 50 37 50 50 50 50 50 50 50 50 50 50 50 50 50 50 50 50 50 50 50 50 50 50 50 50 50 50 41 50 50 50 50 50 50 50 50 50 50 50 50 50 50 50 50 50 50 50 41 50 50 50 50 50 50 50 50 6 50 50 50 50 50 50 50 50 50 50 50 50 50 50 50]
  [50 50 50 50 18 50 50 50 50 22 50 50 35 50 38 50 50 50 50 50 50 50 38 42 50 50 50 50 31 50 50 50 50 50 50 31 50 50 50 39 50 50 50 22 48 50 50 0 50 50 46 50 50 50 50 50 50 50 50 50 50 30 47 30 50 50 50 50 50 50 50 50 50 50 50 50 50 29 50 50 50 50 43 50 50 50 50 50 50 50 50 50 50 19 43 15 50 50 50 50 50 50 50 37 28 50 50 50 50 50 50 50 50 33 50 50 50 40 50 50 39 50 47 28 50 50 50 46 50 23 33 50 50 16 50 50 50 18 50 29 50 38 50 50 50 50 14 50 50 50]
  [50 50 50 50 50 50 47 27 50 50 50 50 50 30 50 50 50 50 49 50 19 50 50 50 42 50 50 50 50 20 29 50 50 50 18 50 47 15 32 50 50 50 48 50 50 50 50 50 0 30 50 34 39 50 50 50 50 50 50 50 50 50 50 50 50 50 50 50 26 50 48 50 50 46 50 50 50 50 50 50 50 50 50 35 50 50 50 50 46 13 48 50 50 50 50 50 50 37 50 50 50 50 48 50 50 50 50 50 50 50 38 50 16 50 50 25 50 50 50 50 50 50 50 50 50 50 44 50 50 50 50 50 50 50 50 50 50 50 43 50 50 50 50 50 50 50 50 24 29 50]
  [50 50 50 50 50 50 50 45 50 50 50 50 50 2 50 50 37 50 49 50 48 50 50 50 38 50 50 50 50 48 50 50 50 50 46 50 35 31 13 50 50 50 50 50 50 50 50 50 30 0 50 43 50 50 50 50 50 50 50 50 50 50 50 50 50 50 50 50 7 50 50 50 50 50 50 50 50 50 50 50 50 50 50 50 50 32 50 50 50 27 50 50 47 50 50 50 50 50 50 50 50 50 45 50 50 50 50 50 50 50 50 50 14 50 50 23 50 50 50 50 50 50 50 50 50 50 47 50 50 50 50 50 50 50 50 50 50 50 50 50 50 50 50 50 50 50 50 24 15 50]
  [50 50 50 50 28 50 50 50 50 26 50 50 50 50 24 50 50 50 50 50 50 50 48 50 50 50 50 50 20 50 50 50 50 49 50 50 50 50 50 8 50 50 50 50 50 50 50 46 50 50 0 50 50 50 50 50 50 50 50 35 19 20 41 50 50 32 13 15 50 50 49 21 50 50 50 50 45 50 50 50 50 50 50 50 50 50 50 50 50 50 50 50 50 50 50 50 50 50 50 50 50 50 50 50 36 50 50 13 50 50 50 50 50 50 50 50 50 11 50 50 47 34 50 30 50 50 50 46 50 50 14 11 50 32 50 50 50 50 50 41 50 11 50 43 46 50 33 50 50 50]
  [50 50 50 50 50 50 50 12 50 50 50 50 48 45 50 50 36 37 50 50 45 50 31 50 50 50 50 50 50 31 21 50 50 50 31 50 30 49 50 50 50 50 50 50 50 50 50 50 34 43 50 0 7 50 50 50 50 50 50 42 50 50 50 50 50 50 50 50 36 50 16 50 50 50 50 50 50 50 50 50 50 50 37 28 50 42 39 50 50 45 50 50 31 50 50 50 50 50 50 50 50 50 50 50 50 50 50 50 50 50 50 50 37 47 50 21 50 50 50 50 29 50 50 44 50 50 50 22 50 50 50 50 50 50 50 50 50 50 31 50 50 50 50 29 50 50 50 19 50 50]
  [50 50 50 50 50 50 50 14 50 49 50 50 41 50 50 50 41 40 50 50 48 50 23 50 50 50 50 50 45 33 21 50 50 50 33 50 35 50 50 50 50 50 50 50 50 50 50 50 39 50 50 7 0 50 50 50 50 50 50 42 50 45 50 50 50 50 50 50 44 50 10 50 50 50 50 50 50 50 50 50 50 46 31 25 50 48 34 50 50 50 50 50 34 50 50 50 50 50 50 50 50 50 50 50 50 50 50 50 50 50 50 50 44 40 50 28 50 48 50 50 21 50 50 37 50 50 50 15 48 50 49 50 50 49 50 50 50 50 27 50 50 50 50 30 50 50 50 26 50 50]
  [50 50 50 24 50 23 50 50 50 50 50 50 50 50 50 50 50 50 50 50 46 50 50 50 50 50 50 37 50 50 50 50 26 50 50 50 50 50 50 50 48 50 39 50 50 50 50 50 50 50 50 50 50 0 50 50 50 35 50 50 50 50 50 50 50 50 50 50 50 50 50 50 50 27 50 47 50 50 50 50 50 44 50 50 50 50 50 50 22 50 50 50 50 50 50 50 28 28 50 24 23 29 50 50 50 50 49 50 23 50 50 50 50 50 32 50 50 50 50 50 50 50 50 50 8 50 50 50 47 50 50 50 44 50 50 27 50 50 50 50 50 50 50 50 50 29 50 50 50 50]
  [50 50 50 50 50 50 23 50 50 50 50 50 50 50 50 50 50 50 21 50 50 50 50 50 32 50 3 50 50 50 50 50 50 50 50 50 50 50 50 50 50 50 50 50 50 50 50 50 50 50 50 50 50 50 0 50 39 50 50 50 50 50 50 50 50 50 50 50 50 50 50 50 50 50 50 50 50 50 50 50 50 50 50 50 50 50 50 50 50 50 24 50 50 50 50 50 50 50 50 50 50 50 25 50 50 50 50 50 50 50 37 50 50 50 50 50 50 50 50 50 50 50 50 50 50 50 25 50 50 50 50 50 50 50 50 50 50 50 50 50 50 50 50 50 50 50 50 50 50 50]
  [11 41 37 50 50 50 50 50 42 50 50 33 50 50 50 50 50 50 50 50 50 50 50 30 50 41 50 50 50 50 50 33 50 50 50 50 50 50 50 50 46 12 50 48 50 50 39 50 50 50 50 50 50 50 50 0 50 50 24 50 50 50 50 50 50 50 50 50 50 50 50 50 25 50 33 50 50 50 48 50 21 50 50 50 50 50 50 33 50 50 50 50 50 50 50 50 50 50 41 50 50 50 50 50 50 41 38 50 50 48 50 34 50 50 50 50 50 50 49 50 50 50 29 50 50 47 50 50 50 50 50 50 50 50 34 50 50 50 50 50 50 50 30 50 50 50 50 50 50 50]
  [50 50 50 50 50 50 31 50 50 50 50 50 50 50 50 50 50 50 41 50 50 50 50 50 50 50 36 31 50 50 50 50 50 50 50 50 50 50 50 50 50 50 25 50 50 50 50 50 50 50 50 50 50 50 39 50 0 50 50 50 50 50 50 50 50 50 50 50 50 50 50 50 50 50 50 50 50 50 50 50 50 50 50 50 50 50 50 50 50 50 26 50 50 50 50 50 50 50 50 50 50 34 48 50 50 50 50 50 50 50 29 50 50 50 50 50 50 50 50 50 50 50 50 50 50 50 39 50 50 50 50 50 50 50 50 50 50 50 50 50 50 50 50 50 50 32 50 50 50 50]
  [50 50 50 19 50 21 50 50 50 50 50 50 50 50 50 50 50 50 50 50 50 50 50 50 50 50 50 34 50 50 50 50 44 50 50 50 50 50 50 50 50 50 50 50 50 50 50 50 50 50 50 50 50 35 50 50 50 0 50 50 50 50 50 50 50 50 50 50 50 50 50 50 50 50 50 50 50 50 50 50 50 50 50 50 50 50 50 50 50 50 50 50 50 50 50 50 50 50 50 21 50 35 50 50 50 50 50 50 50 50 50 50 50 50 50 50 50 50 50 50 50 50 50 50 28 50 50 50 50 50 50 50 50 50 50 50 50 50 50 50 50 50 50 50 50 39 50 50 50 50]
  [17 45 14 50 50 50 50 50 33 50 50 19 50 50 50 50 50 50 50 50 50 50 50 50 50 43 50 50 50 50 50 9 50 50 50 50 50 50 50 50 50 15 50 50 50 50 15 50 50 50 50 50 50 50 50 24 50 50 0 50 50 50 50 50 50 50 50 50 50 50 50 50 17 50 50 50 50 50 35 50 39 50 50 50 50 50 50 38 50 50 50 50 50 50 50 50 50 50 49 50 50 50 50 50 50 39 50 50 50 50 50 43 50 50 50 50 50 50 45 50 50 50 50 50 50 42 50 50 50 50 50 50 50 50 11 50 50 50 50 50 50 50 46 50 50 50 50 50 50 50]
  [50 50 50 50 50 50 50 50 50 48 50 50 50 50 50 50 30 15 50 50 50 50 48 50 50 50 50 50 39 50 50 50 50 31 50 50 31 50 50 37 50 50 50 50 50 50 50 50 50 50 35 42 42 50 50 50 50 50 50 0 32 40 50 50 50 44 39 37 50 50 39 32 50 50 50 50 50 50 50 50 50 50 50 50 50 39 50 50 50 50 50 50 18 50 50 50 50 50 50 50 50 50 50 50 50 50 50 24 50 50 50 50 50 50 50 49 50 33 50 50 46 50 50 43 50 50 50 40 50 50 39 37 50 50 50 50 50 50 50 50 50 44 50 14 45 50 50 49 50 50]
  [50 50 50 50 47 50 50 50 50 45 50 50 50 50 38 50 50 46 50 50 50 50 50 50 50 50 50 50 38 50 50 50 50 33 50 50 50 50 50 27 50 50 50 50 50 50 50 50 50 50 19 50 50 50 50 50 50 50 50 32 0 38 50 50 50 15 12 8 50 50 50 2 50 50 50 50 27 50 50 40 50 50 50 50 50 50 50 50 50 50 50 50 50 50 50 50 50 50 50 50 50 50 50 50 50 50 50 11 50 50 50 50 50 50 50 50 50 28 50 50 50 23 50 47 50 50 50 50 50 50 33 11 50 50 50 50 50 50 50 50 50 28 50 44 27 50 50 50 50 50]
  [50 50 50 50 15 50 50 50 50 8 50 50 45 50 30 50 50 50 50 50 50 50 30 50 50 50 50 50 1 50 50 50 50 50 50 50 50 50 50 12 50 50 50 50 50 50 50 30 50 50 20 50 45 50 50 50 50 50 50 40 38 0 46 45 50 50 33 35 50 50 36 40 50 50 50 50 50 49 50 50 50 50 46 50 50 50 50 50 50 50 50 50 50 41 50 45 50 50 50 50 50 50 50 50 33 50 50 29 50 50 50 50 50 42 50 50 50 10 50 50 29 50 50 11 50 50 50 31 50 43 6 31 50 14 50 50 50 46 50 38 50 18 50 41 50 50 18 50 50 50]
  [50 50 50 50 37 50 50 50 50 43 50 50 50 50 18 50 50 50 50 50 50 50 50 50 50 50 50 50 47 50 50 50 50 50 50 50 50 50 50 41 50 50 50 50 50 50 50 47 50 50 41 50 50 50 50 50 50 50 50 50 50 46 0 24 50 50 40 44 50 50 50 50 50 50 50 50 50 32 50 50 50 50 50 50 50 50 50 50 50 50 50 50 50 35 23 50 50 50 50 50 50 50 50 25 19 50 50 50 50 50 50 50 50 50 50 50 50 46 50 50 50 45 50 50 50 50 50 50 50 31 43 41 50 46 50 50 50 46 50 19 50 32 50 50 50 50 39 50 50 50]
  [50 50 50 50 30 50 50 50 50 38 50 50 50 50 28 48 50 50 50 50 50 50 50 50 50 50 50 50 45 50 50 50 50 50 50 31 50 50 50 46 50 50 50 36 34 50 50 30 50 50 50 50 50 50 50 50 50 50 50 50 50 45 24 0 50 50 50 50 50 50 50 50 50 50 50 50 50 8 50 50 50 50 50 50 50 50 50 50 50 50 50 36 50 12 13 38 50 50 50 50 50 50 50 8 14 50 50 50 50 50 50 50 50 50 50 50 50 49 50 50 50 50 50 49 50 50 50 50 50 8 44 50 50 37 50 50 50 23 50 9 50 39 50 50 50 50 30 50 50 50]
  [50 50 50 50 50 50 50 50 23 50 19 50 50 50 50 28 50 50 50 50 50 50 50 50 50 50 50 50 50 50 50 50 50 50 50 50 50 50 50 50 50 50 50 50 42 50 50 50 50 50 50 50 50 50 50 50 50 50 50 50 50 50 50 50 0 50 50 50 50 34 50 50 50 50 50 50 50 50 50 50 50 50 50 50 13 50 50 50 50 50 50 44 50 50 50 50 50 50 50 50 50 50 50 50 50 22 50 50 50 50 50 50 50 50 50 50 50 50 50 14 50 50 50 50 50 15 50 50 50 50 50 50 50 50 50 50 5 50 50 50 14 50 50 50 50 50 50 50 50 2]
  [50 50 50 50 50 50 50 50 50 50 50 50 50 50 45 50 50 50 50 50 50 50 50 50 50 50 50 50 50 50 50 50 50 34 50 50 50 50 50 40 50 50 50 50 50 50 50 50 50 50 32 50 50 50 50 50 50 50 50 44 15 50 50 50 50 0 20 17 50 50 50 13 50 50 50 50 13 50 50 31 50 50 50 50 50 50 50 50 50 50 50 50 50 50 50 50 50 50 50 50 50 50 50 50 50 50 50 25 50 50 50 50 50 50 50 50 50 42 50 50 50 13 50 50 50 50 50 50 50 50 46 22 50 50 50 50 50 50 50 50 50 39 50 50 18 50 50 50 50 50]
  [50 50 50 50 39 50 50 50 50 38 50 50 50 50 26 50 50 50 50 50 50 50 50 50 50 50 50 50 33 50 50 50 50 45 50 50 50 50 50 21 50 50 50 50 50 50 50 50 50 50 13 50 50 50 50 50 50 50 50 39 12 33 40 50 50 20 0 4 50 50 50 13 50 50 50 50 33 50 50 50 50 50 50 50 50 50 50 50 50 50 50 50 50 50 50 50 50 50 50 50 50 50 50 50 41 50 50 15 50 50 50 50 50 50 50 50 50 24 50 50 50 21 50 43 50 50 50 50 50 50 27 3 50 44 50 50 50 50 50 45 50 19 50 50 36 50 43 50 50 50]
  [50 50 50 50 42 50 50 50 50 40 50 50 50 50 30 50 50 50 50 50 50 50 50 50 50 50 50 50 34 50 50 50 50 41 50 50 50 50 50 23 50 50 50 50 50 50 50 50 50 50 15 50 50 50 50 50 50 50 50 37 8 35 44 50 50 17 4 0 50 50 50 9 50 50 50 50 30 50 50 46 50 50 50 50 50 50 50 50 50 50 50 50 50 50 50 50 50 50 50 50 50 50 50 50 45 50 50 13 50 50 50 50 50 50 50 50 50 25 50 50 50 20 50 45 50 50 50 50 50 50 29 5 50 47 50 50 50 50 50 49 50 22 50 48 33 50 46 50 50 50]
  [50 50 50 50 50 50 50 39 50 50 50 50 50 8 50 50 33 46 50 50 45 50 50 50 42 50 50 50 50 43 46 50 50 50 41 50 30 31 18 50 50 50 50 50 50 50 50 50 26 7 50 36 44 50 50 50 50 50 50 50 50 50 50 50 50 50 50 50 0 50 50 50 50 50 50 50 50 50 50 50 50 50 50 50 50 30 50 50 50 26 50 50 42 50 50 50 50 50 50 50 50 50 49 50 50 50 50 50 50 50 50 50 12 50 50 16 50 50 50 50 50 50 50 50 50 50 50 50 50 50 50 50 50 50 50 50 50 50 50 50 50 50 50 48 50 50 50 17 19 50]
  [50 50 50 50 50 50 50 50 50 50 17 50 50 50 50 46 50 50 50 50 50 50 50 50 50 50 50 50 50 50 50 50 50 50 50 50 50 50 50 50 50 50 50 50 50 50 50 50 50 50 50 50 50 50 50 50 50 50 50 50 50 50 50 50 34 50 50 50 50 0 50 50 50 50 50 50 50 50 50 50 50 50 50 50 25 50 50 50 50 50 50 49 50 50 50 50 50 50 50 50 50 50 50 50 50 50 50 50 50 50 50 50 50 50 50 50 50 50 50 27 50 50 50 50 50 48 50 50 50 50 50 50 50 50 50 50 38 50 50 50 44 50 50 50 50 50 50 50 50 36]
  [50 50 50 50 47 50 50 22 50 39 50 50 36 50 50 50 44 40 50 50 50 50 15 50 50 50 50 50 35 41 27 50 50 50 41 50 39 50 50 44 50 50 50 50 50 50 50 50 48 50 49 16 10 50 50 50 50 50 50 39 50 36 50 50 50 50 50 50 50 50 0 50 50 50 50 50 50 50 50 50 50 47 27 30 50 50 33 50 50 50 50 50 35 50 50 50 50 50 50 50 50 50 50 50 50 50 50 50 50 50 50 50 50 34 50 36 50 39 50 50 13 50 50 28 50 50 50 6 49 50 40 50 50 40 50 50 50 50 29 50 50 50 50 29 50 50 47 35 50 50]
  [50 50 50 50 49 50 50 50 50 47 50 50 50 50 39 50 50 47 50 50 50 50 50 50 50 50 50 50 39 50 50 50 50 31 50 50 50 50 50 29 50 50 50 50 50 50 50 50 50 50 21 50 50 50 50 50 50 50 50 32 2 40 50 50 50 13 13 9 50 50 50 0 50 50 50 50 26 50 50 38 50 50 50 50 50 50 50 50 50 50 50 50 50 50 50 50 50 50 50 50 50 50 50 50 50 50 50 12 50 50 50 50 50 50 50 50 50 30 50 50 50 22 50 49 50 50 50 50 50 50 35 13 50 50 50 50 50 50 50 50 50 30 50 45 25 50 50 50 50 50]
  [14 28 27 50 50 50 50 50 50 50 50 9 50 50 50 50 50 50 50 39 50 50 50 50 50 26 50 50 50 50 50 21 50 50 50 50 50 50 50 50 40 24 50 50 50 50 28 50 50 50 50 50 50 50 50 25 50 50 17 50 50 50 50 50 50 50 50 50 50 50 50 50 0 50 49 50 50 50 23 50 30 50 50 50 50 50 50 22 50 50 50 50 50 50 50 50 50 50 33 50 50 50 50 50 50 50 47 50 50 50 50 28 50 50 50 50 50 50 29 50 50 50 50 50 50 50 50 50 50 50 50 50 50 50 23 50 50 50 50 50 50 50 33 50 50 50 50 50 50 50]
  [50 50 50 49 50 47 50 44 50 50 50 50 50 50 50 50 50 50 50 50 31 50 50 50 50 50 50 50 50 29 35 50 37 50 31 50 50 50 50 50 50 50 45 50 50 50 50 50 46 50 50 50 50 27 50 50 50 50 50 50 50 50 50 50 50 50 50 50 50 50 50 50 50 0 45 27 50 50 50 50 50 20 44 30 50 50 34 50 6 50 50 50 50 50 50 50 33 20 50 48 16 47 50 50 50 50 40 50 14 36 50 50 50 50 31 50 50 50 50 50 50 50 50 50 34 50 50 50 25 50 50 50 23 50 50 30 50 50 32 50 50 50 50 50 50 44 50 50 50 50]
  [39 44 50 50 50 50 50 50 50 50 50 50 31 50 50 50 50 50 50 50 50 50 50 17 50 46 50 50 50 50 50 50 44 50 50 50 50 50 50 50 37 45 50 50 50 50 50 50 50 50 50 50 50 50 50 33 50 50 50 50 50 50 50 50 50 50 50 50 50 50 50 50 49 45 0 20 50 50 50 50 19 29 37 49 50 50 33 38 50 50 50 50 50 50 50 46 37 50 38 50 37 50 50 50 50 50 13 50 38 16 50 34 50 34 31 50 50 50 50 50 50 50 12 50 50 50 50 50 24 50 50 50 24 50 50 36 50 50 42 50 50 50 22 50 50 50 50 50 50 50]
  [50 50 50 50 50 50 50 47 50 50 50 50 28 50 50 50 50 50 50 50 50 50 45 32 50 50 50 50 50 43 39 50 40 50 45 50 50 50 50 50 44 50 50 50 50 50 50 50 50 50 50 50 50 47 50 50 50 50 50 50 50 50 50 50 50 50 50 50 50 50 50 50 50 27 20 0 50 50 50 50 37 9 27 31 50 50 19 50 33 50 50 50 50 50 50 50 33 47 47 50 24 50 50 50 50 50 21 50 25 9 50 46 50 31 27 50 50 50 50 50 47 50 28 50 50 50 50 50 5 50 50 50 5 50 50 31 50 50 26 50 50 50 35 50 50 50 50 50 50 50]
  [50 50 50 50 50 50 50 50 50 50 50 50 50 50 50 50 50 50 50 50 50 50 50 50 50 50 50 50 50 50 50 50 50 35 50 50 50 50 50 50 50 50 50 50 50 50 50 50 50 50 45 50 50 50 50 50 50 50 50 50 27 50 50 50 50 13 33 30 50 50 50 26 50 50 50 50 0 50 50 23 50 50 50 50 50 50 50 50 50 50 50 50 50 50 50 50 50 50 50 50 50 50 50 50 50 50 50 38 50 50 50 50 50 50 50 50 50 50 50 50 50 19 50 50 50 50 50 50 50 50 50 35 50 50 50 50 50 50 50 50 50 50 50 50 13 50 50 50 50 50]
  [50 50 50 50 34 50 50 50 50 41 50 50 50 50 36 40 50 50 50 50 50 50 50 50 50 50 50 50 49 50 50 50 50 50 50 24 50 50 50 50 50 50 50 30 27 50 50 29 50 50 50 50 50 50 50 50 50 50 50 50 50 49 32 8 50 50 50 50 50 50 50 50 50 50 50 50 50 0 50 50 50 50 50 50 50 50 50 50 50 50 50 30 50 10 16 34 50 50 50 50 50 50 50 10 21 50 50 50 50 50 50 50 50 50 50 50 50 50 50 50 50 50 50 50 50 50 50 50 50 6 49 50 50 39 50 50 50 17 50 16 50 45 50 50 50 50 32 50 50 50]
  [37 32 36 50 50 50 50 50 50 50 50 16 50 50 50 50 50 50 50 38 50 50 50 50 50 29 50 50 50 50 50 31 50 50 50 50 50 50 50 50 47 46 50 50 50 50 37 50 50 50 50 50 50 50 50 48 50 50 35 50 50 50 50 50 50 50 50 50 50 50 50 50 23 50 50 50 50 50 0 50 49 50 50 50 50 50 50 32 50 50 50 50 50 50 50 50 50 50 40 50 50 50 50 50 50 50 50 50 50 50 50 39 50 50 50 50 50 50 20 50 50 50 50 50 50 50 50 50 50 50 50 50 50 50 33 50 50 50 50 50 50 50 49 50 50 50 50 50 50 50]
  [50 50 50 50 50 50 50 50 50 50 50 50 50 50 50 50 50 50 50 50 50 50 50 50 50 50 50 50 50 50 50 50 50 23 50 50 50 50 50 50 50 50 50 50 50 50 50 50 50 50 50 50 50 50 50 50 50 50 50 50 40 50 50 50 50 31 50 46 50 50 50 38 50 50 50 50 23 50 50 0 50 50 50 50 50 50 50 50 50 50 50 50 50 50 50 50 50 50 50 50 50 50 50 50 50 50 50 48 50 50 50 50 50 50 50 50 50 50 50 50 50 41 50 50 50 50 50 50 50 50 50 50 50 50 50 50 50 50 50 50 50 50 50 50 14 50 50 50 50 50]
  [22 28 50 50 50 50 50 50 50 50 50 38 49 50 50 50 50 50 50 37 50 50 50 28 50 30 50 50 50 50 50 47 44 50 50 50 50 50 50 50 28 32 50 50 50 50 50 50 50 50 50 50 50 50 50 21 50 50 39 50 50 50 50 50 50 50 50 50 50 50 50 50 30 50 19 37 50 50 49 50 0 46 50 50 50 50 50 21 50 50 50 50 50 50 50 50 39 50 25 50 46 50 50 50 50 50 18 50 48 35 50 19 50 50 34 50 50 50 42 50 50 50 24 50 50 50 50 50 42 50 50 50 41 50 49 39 50 50 50 50 50 50 10 50 50 50 50 50 50 50]
  [50 50 50 50 50 50 50 39 50 50 50 50 31 50 50 50 50 50 50 50 44 50 43 40 50 50 50 50 50 34 30 50 43 50 36 50 50 50 50 50 50 50 50 50 50 50 50 50 50 50 50 50 46 44 50 50 50 50 50 50 50 50 50 50 50 50 50 50 50 50 47 50 50 20 29 9 50 50 50 50 46 0 25 23 50 50 16 50 27 50 50 50 50 50 50 50 36 39 50 50 23 50 50 50 50 50 29 50 23 16 50 50 50 33 31 50 50 50 50 50 44 50 37 50 49 50 50 48 5 50 50 50 5 50 50 33 50 50 19 50 50 50 44 50 50 50 50 50 50 50]
  [50 50 50 50 49 50 50 32 50 44 50 50 12 50 50 50 50 50 50 50 50 50 18 36 50 50 50 50 46 41 28 50 50 50 42 50 50 50 50 50 50 50 50 50 50 50 50 43 50 50 50 37 31 50 50 50 50 50 50 50 50 46 50 50 50 50 50 50 50 50 27 50 50 44 37 27 50 50 50 50 50 25 0 23 50 50 9 50 50 50 50 50 50 50 50 43 50 50 50 50 48 50 50 50 50 50 45 50 48 23 50 50 50 12 50 50 50 50 50 50 20 50 36 35 50 50 50 25 24 50 50 50 27 40 50 50 50 50 15 50 50 50 50 50 50 50 47 50 50 50]
  [50 50 50 50 50 50 50 17 50 50 50 50 35 50 50 50 50 50 50 50 33 50 32 50 50 50 50 50 50 17 7 50 50 50 19 50 50 48 50 50 50 50 50 50 50 50 50 50 35 50 50 28 25 50 50 50 50 50 50 50 50 50 50 50 50 50 50 50 50 50 30 50 50 30 49 31 50 50 50 50 50 23 23 0 50 50 18 50 34 47 50 50 50 50 50 50 50 38 50 50 41 50 50 50 50 50 50 50 40 34 50 50 47 35 50 41 50 50 50 50 32 50 50 50 50 50 50 32 26 50 50 50 28 50 50 50 50 50 8 50 50 50 50 50 50 50 50 39 50 50]
  [50 50 50 50 50 50 50 50 35 50 8 50 50 50 50 24 50 50 50 50 50 50 50 50 50 50 50 50 50 50 50 50 50 50 50 48 50 50 50 50 50 50 50 50 35 50 50 50 50 50 50 50 50 50 50 50 50 50 50 50 50 50 50 50 13 50 50 50 50 25 50 50 50 50 50 50 50 50 50 50 50 50 50 50 0 50 50 50 50 50 50 35 50 50 50 50 50 50 50 50 50 50 50 50 50 30 50 50 50 50 50 50 50 50 50 50 50 50 50 3 50 50 50 50 50 26 50 50 50 50 50 50 50 50 50 50 15 50 50 50 19 50 50 50 50 50 50 50 50 14]
  [50 50 50 50 50 50 50 50 50 50 50 50 50 34 50 50 10 24 50 50 50 50 50 50 50 50 50 50 50 50 50 50 50 50 50 50 14 50 43 50 50 50 50 50 50 50 50 50 50 32 50 42 48 50 50 50 50 50 50 39 50 50 50 50 50 50 50 50 30 50 50 50 50 50 50 50 50 50 50 50 50 50 50 50 50 0 50 50 50 50 50 50 23 50 50 50 50 50 50 50 50 50 50 50 50 50 50 50 50 50 50 50 41 50 50 29 50 50 50 50 50 50 50 50 50 50 50 50 50 50 50 50 50 50 50 50 50 50 50 50 50 50 50 32 50 50 50 31 46 50]
  [50 50 50 50 50 50 50 32 50 50 50 50 18 50 50 50 50 50 50 50 49 50 27 37 50 50 50 50 50 35 25 50 50 50 37 50 50 50 50 50 50 50 50 50 50 50 50 50 50 50 50 39 34 50 50 50 50 50 50 50 50 50 50 50 50 50 50 50 50 50 33 50 50 34 33 19 50 50 50 50 50 16 9 18 50 50 0 50 40 50 50 50 50 50 50 50 50 50 50 50 39 50 50 50 50 50 39 50 39 18 50 50 50 19 46 50 50 50 50 50 28 50 35 44 50 50 50 32 16 50 50 50 19 50 50 49 50 50 10 50 50 50 50 50 50 50 50 50 50 50]
  [25 8 49 50 50 50 50 50 50 50 50 27 50 50 50 50 50 50 50 19 50 50 50 49 50 9 50 50 50 50 50 43 40 50 50 50 50 50 50 50 18 39 50 50 50 50 50 50 50 50 50 50 50 50 50 33 50 50 38 50 50 50 50 50 50 50 50 50 50 50 50 50 22 50 38 50 50 50 32 50 21 50 50 50 50 50 50 0 50 50 50 50 50 50 50 50 38 50 11 50 50 50 50 50 50 50 31 50 50 50 50 7 50 50 37 50 50 50 21 50 50 50 45 50 50 50 50 50 50 50 50 50 50 50 45 41 50 50 50 50 50 50 17 50 50 50 50 50 50 50]
  [50 50 50 45 50 43 50 48 50 50 50 50 50 50 50 50 50 50 50 50 30 50 50 50 50 50 50 50 50 31 39 50 36 50 32 50 50 50 50 50 50 50 39 50 50 50 50 50 46 50 50 50 50 22 50 50 50 50 50 50 50 50 50 50 50 50 50 50 50 50 50 50 50 6 50 33 50 50 50 50 50 27 50 34 50 50 40 50 0 50 50 50 50 50 50 50 33 16 50 45 17 40 50 50 50 50 44 50 16 42 50 50 50 50 33 50 50 50 50 50 50 50 50 50 29 50 50 50 31 50 50 50 29 50 50 30 50 50 37 50 50 50 50 50 50 38 50 50 50 50]
  [50 50 50 50 50 50 35 40 50 50 50 50 50 26 50 50 50 50 36 50 24 50 50 50 29 50 50 50 50 31 42 50 50 50 29 50 50 5 24 50 50 50 44 50 50 50 50 50 13 27 50 45 50 50 50 50 50 50 50 50 50 50 50 50 50 50 50 50 26 50 50 50 50 50 50 50 50 50 50 50 50 50 50 47 50 50 50 50 50 0 37 50 50 50 50 50 50 41 50 50 50 50 35 50 50 50 50 50 50 50 29 50 15 50 50 32 50 50 50 50 50 50 50 50 50 50 32 50 50 50 50 50 50 50 50 50 50 50 50 50 50 50 50 50 50 50 50 32 20 50]
  [50 50 50 50 50 50 5 50 50 50 50 50 50 50 50 50 50 50 15 50 45 50 50 50 25 50 23 50 50 50 50 50 50 50 50 50 50 33 47 50 50 50 32 50 50 50 50 50 48 50 50 50 50 50 24 50 26 50 50 50 50 50 50 50 50 50 50 50 50 50 50 50 50 50 50 50 50 50 50 50 50 50 50 50 50 50 50 50 50 37 0 50 50 50 50 50 50 50 50 50 50 50 22 50 50 50 50 50 50 50 13 50 50 50 50 50 50 50 50 50 50 50 50 50 50 50 12 50 50 50 50 50 50 50 50 50 50 50 50 50 50 50 50 50 50 47 50 50 43 50]
  [50 50 50 50 50 50 50 50 50 50 38 50 50 50 50 20 50 50 50 50 50 50 50 50 50 50 50 50 50 50 50 50 50 50 50 28 50 50 50 50 50 50 50 42 8 50 50 50 50 50 50 50 50 50 50 50 50 50 50 50 50 50 50 36 44 50 50 50 50 49 50 50 50 50 50 50 50 30 50 50 50 50 50 50 35 50 50 50 50 50 50 0 50 37 32 50 50 50 50 50 50 50 50 30 50 46 50 50 50 50 50 50 50 50 50 50 50 50 50 31 50 50 50 50 50 48 50 50 50 35 50 50 50 50 50 50 42 36 50 45 37 50 50 50 50 50 50 50 50 43]
  [50 50 50 50 50 50 50 43 50 50 50 50 50 49 50 50 13 6 50 50 50 50 49 50 50 50 50 50 50 50 50 50 50 42 50 50 13 50 50 50 50 50 50 50 50 50 50 50 50 47 50 31 34 50 50 50 50 50 50 18 50 50 50 50 50 50 50 50 42 50 35 50 50 50 50 50 50 50 50 50 50 50 50 50 50 23 50 50 50 50 50 50 0 50 50 50 50 50 50 50 50 50 50 50 50 50 50 42 50 50 50 50 50 50 50 32 50 46 50 50 46 50 50 50 50 50 50 39 50 50 50 50 50 50 50 50 50 50 50 50 50 50 50 10 50 50 50 33 50 50]
  [50 50 50 50 26 50 50 50 50 33 50 50 50 50 34 44 50 50 50 50 50 50 50 50 50 50 50 50 42 50 50 50 50 50 50 23 50 50 50 45 50 50 50 24 33 50 50 19 50 50 50 50 50 50 50 50 50 50 50 50 50 41 35 12 50 50 50 50 50 50 50 50 50 50 50 50 50 10 50 50 50 50 50 50 50 50 50 50 50 50 50 37 50 0 24 26 50 50 50 50 50 50 50 18 19 50 50 50 50 50 50 50 50 50 50 50 50 48 50 50 50 50 50 43 50 50 50 50 50 4 42 50 50 30 50 50 50 11 50 17 50 41 50 50 50 50 24 50 50 50]
  [50 50 50 50 42 50 50 50 50 50 50 50 50 50 34 48 50 50 50 50 50 50 50 50 50 50 50 50 50 50 50 50 50 50 50 38 50 50 50 50 50 50 50 46 33 50 50 43 50 50 50 50 50 50 50 50 50 50 50 50 50 50 23 13 50 50 50 50 50 50 50 50 50 50 50 50 50 16 50 50 50 50 50 50 50 50 50 50 50 50 50 32 50 24 0 49 50 50 50 50 50 50 50 6 23 50 50 50 50 50 50 50 50 50 50 50 50 50 50 50 50 50 50 50 50 50 50 50 50 20 50 50 50 49 50 50 50 33 50 18 50 47 50 50 50 50 42 50 50 50]
  [50 50 50 50 34 50 50 50 50 37 50 50 32 50 50 46 50 50 50 50 50 50 44 30 50 50 50 50 45 50 50 50 50 50 50 23 50 50 50 50 50 50 50 10 43 50 50 15 50 50 50 50 50 50 50 50 50 50 50 50 50 45 50 38 50 50 50 50 50 50 50 50 50 50 46 50 50 34 50 50 50 50 43 50 50 50 50 50 50 50 50 50 50 26 49 0 50 50 50 50 50 50 50 43 41 50 50 50 50 46 50 50 50 32 50 50 50 50 50 50 46 50 35 40 50 50 50 50 50 30 48 50 50 30 50 50 50 17 50 40 50 50 50 50 50 50 29 50 50 50]
  [50 36 50 32 50 30 50 50 50 50 50 50 50 50 50 50 50 50 50 33 50 50 50 50 50 39 50 50 50 50 50 50 7 50 50 50 50 50 50 50 21 50 50 50 50 50 50 50 50 50 50 50 50 28 50 50 50 50 50 50 50 50 50 50 50 50 50 50 50 50 50 50 50 33 37 33 50 50 50 50 39 36 50 50 50 50 50 38 33 50 50 50 50 50 50 50 0 48 28 30 17 50 50 50 50 50 25 50 19 40 50 32 50 50 7 50 50 50 50 50 50 50 49 50 26 50 50 50 36 50 50 50 33 50 50 3 50 50 50 50 50 50 29 50 50 50 50 50 50 50]
  [50 50 50 50 50 50 50 47 50 50 50 50 50 50 50 50 50 50 50 50 18 50 50 50 50 50 50 42 50 27 40 50 50 50 28 50 50 38 50 50 50 50 26 50 50 50 50 50 37 50 50 50 50 28 50 50 50 50 50 50 50 50 50 50 50 50 50 50 50 50 50 50 50 20 50 47 50 50 50 50 50 39 50 38 50 50 50 50 16 41 50 50 50 50 50 50 48 0 50 50 33 33 50 50 50 50 50 50 31 50 38 50 50 50 48 50 50 50 50 50 50 50 50 50 36 50 50 50 44 50 50 50 43 50 50 45 50 50 44 50 50 50 50 50 50 30 50 50 50 50]
  [36 8 50 50 50 48 50 50 50 50 50 38 50 50 50 50 50 50 50 12 50 49 50 50 50 11 50 50 50 50 50 50 29 50 50 50 50 50 50 50 7 49 50 50 50 50 50 50 50 50 50 50 50 50 50 41 50 50 49 50 50 50 50 50 50 50 50 50 50 50 50 50 33 50 38 47 50 50 40 50 25 50 50 50 50 50 50 11 50 50 50 50 50 50 50 50 28 50 0 48 43 50 50 50 50 50 28 50 45 50 50 7 50 50 28 50 50 50 24 50 50 50 47 50 50 50 50 50 50 50 50 50 50 50 50 31 50 50 50 50 50 50 16 50 50 50 50 50 50 50]
  [50 50 50 2 50 2 50 50 50 50 50 50 50 50 50 50 50 50 50 44 50 47 50 50 50 50 50 45 50 50 50 50 23 50 50 50 50 50 50 50 41 50 50 50 50 50 50 50 50 50 50 50 50 24 50 50 50 21 50 50 50 50 50 50 50 50 50 50 50 50 50 50 50 48 50 50 50 50 50 50 50 50 50 50 50 50 50 50 45 50 50 50 50 50 50 50 30 50 48 0 38 42 50 50 50 50 50 50 39 50 50 50 50 50 37 50 50 50 50 50 50 50 50 50 16 50 50 50 50 50 50 50 50 50 50 31 50 50 50 50 50 50 50 50 50 44 50 50 50 50]
  [50 50 50 39 50 37 50 50 50 50 50 50 50 50 50 50 50 50 50 49 47 50 50 50 50 50 50 50 50 44 47 50 22 50 46 50 50 50 50 50 37 50 50 50 50 50 50 50 50 50 50 50 50 23 50 50 50 50 50 50 50 50 50 50 50 50 50 50 50 50 50 50 50 16 37 24 50 50 50 50 46 23 48 41 50 50 39 50 17 50 50 50 50 50 50 50 17 33 43 38 0 50 50 50 50 50 28 50 2 33 50 45 50 50 16 50 50 50 50 50 50 50 49 50 27 50 50 50 25 50 50 50 22 50 50 14 50 50 41 50 50 50 39 50 50 49 50 50 50 50]
  [50 50 50 40 50 40 50 50 50 50 50 50 50 50 50 50 50 50 50 50 47 50 50 50 50 50 50 9 50 50 50 50 50 50 50 50 50 50 50 50 50 50 20 50 50 50 50 50 50 50 50 50 50 29 50 50 34 35 50 50 50 50 50 50 50 50 50 50 50 50 50 50 50 47 50 50 50 50 50 50 50 50 50 50 50 50 50 50 40 50 50 50 50 50 50 50 50 33 50 42 50 0 50 50 50 50 50 50 49 50 44 50 50 50 50 50 50 50 50 50 50 50 50 50 32 50 50 50 50 50 50 50 50 50 50 50 50 50 50 50 50 50 50 50 50 4 50 50 50 50]
  [50 50 50 50 50 50 17 50 50 50 50 50 50 43 50 50 50 50 6 50 50 50 50 50 7 50 26 50 50 50 50 50 50 50 50 50 50 34 32 50 50 50 50 50 50 50 50 50 48 45 50 50 50 50 25 50 48 50 50 50 50 50 50 50 50 50 50 50 49 50 50 50 50 50 50 50 50 50 50 50 50 50 50 50 50 50 50 50 50 35 22 50 50 50 50 50 50 50 50 50 50 50 0 50 50 50 50 50 50 50 28 50 43 50 50 50 50 50 50 50 50 50 50 50 50 50 10 50 50 50 50 50 50 50 50 50 50 50 50 50 50 50 50 50 50 50 50 50 30 50]
  [50 50 50 50 38 50 50 50 50 46 50 50 50 50 34 45 50 50 50 50 50 50 50 50 50 50 50 50 50 50 50 50 50 50 50 33 50 50 50 50 50 50 50 40 30 50 50 37 50 50 50 50 50 50 50 50 50 50 50 50 50 50 25 8 50 50 50 50 50 50 50 50 50 50 50 50 50 10 50 50 50 50 50 50 50 50 50 50 50 50 50 30 50 18 6 43 50 50 50 50 50 50 50 0 21 50 50 50 50 50 50 50 50 50 50 50 50 50 50 50 50 50 50 50 50 50 50 50 50 14 50 50 50 45 50 50 50 27 50 16 50 46 50 50 50 50 38 50 50 50]
  [50 50 50 50 20 50 50 50 50 27 50 50 50 50 15 50 50 50 50 50 50 50 50 50 50 50 50 50 33 50 50 50 50 50 50 42 50 50 50 32 50 50 50 42 48 50 50 28 50 50 36 50 50 50 50 50 50 50 50 50 50 33 19 14 50 50 41 45 50 50 50 50 50 50 50 50 50 21 50 50 50 50 50 50 50 50 50 50 50 50 50 50 50 19 23 41 50 50 50 50 50 50 50 21 0 50 50 49 50 50 50 50 50 50 50 50 50 36 50 50 50 50 50 39 50 50 50 50 50 17 31 41 50 28 50 50 50 29 50 5 50 25 50 50 50 50 21 50 50 50]
  [45 50 40 50 50 50 50 50 12 50 38 50 50 50 50 27 50 50 50 50 50 50 50 50 50 50 50 50 50 50 50 43 50 50 50 40 50 50 50 50 50 32 50 45 41 50 41 50 50 50 50 50 50 50 50 41 50 50 39 50 50 50 50 50 22 50 50 50 50 50 50 50 50 50 50 50 50 50 50 50 50 50 50 50 30 50 50 50 50 50 50 46 50 50 50 50 50 50 50 50 50 50 50 50 50 0 50 50 50 50 50 50 50 50 50 50 50 50 50 30 50 50 50 50 50 9 50 50 50 50 50 50 50 50 42 50 17 50 50 50 12 50 50 50 50 50 50 50 50 19]
  [40 35 50 50 50 50 50 50 50 50 50 50 42 50 50 50 50 50 50 39 50 50 50 30 50 38 50 50 50 50 50 50 31 50 50 50 50 50 50 50 26 50 50 50 50 50 50 50 50 50 50 50 50 49 50 38 50 50 50 50 50 50 50 50 50 50 50 50 50 50 50 50 47 40 13 21 50 50 50 50 18 29 45 50 50 50 39 31 44 50 50 50 50 50 50 50 25 50 28 50 28 50 50 50 50 50 0 50 30 22 50 25 50 45 18 50 50 50 50 50 50 50 25 50 50 50 50 50 25 50 50 50 24 50 50 24 50 50 46 50 50 50 14 50 50 50 50 50 50 50]
  [50 50 50 50 40 50 50 50 50 37 50 50 50 50 37 50 50 39 50 50 50 50 50 50 50 50 50 50 29 50 50 50 50 36 50 50 50 50 50 20 50 50 50 50 50 50 50 50 50 50 13 50 50 50 50 50 50 50 50 24 11 29 50 50 50 25 15 13 50 50 50 12 50 50 50 50 38 50 50 48 50 50 50 50 50 50 50 50 50 50 50 50 42 50 50 50 50 50 50 50 50 50 50 50 49 50 50 0 50 50 50 50 50 50 50 50 50 19 50 50 50 33 50 38 50 50 50 48 50 50 25 13 50 43 50 50 50 50 50 50 50 24 50 35 36 50 45 50 50 50]
  [50 50 50 40 50 38 50 50 50 50 50 50 50 50 50 50 50 50 50 50 45 50 50 50 50 50 50 50 50 43 46 50 23 50 44 50 50 50 50 50 39 50 50 50 50 50 50 50 50 50 50 50 50 23 50 50 50 50 50 50 50 50 50 50 50 50 50 50 50 50 50 50 50 14 38 25 50 50 50 50 48 23 48 40 50 50 39 50 16 50 50 50 50 50 50 50 19 31 45 39 2 49 50 50 50 50 30 50 0 34 50 47 50 50 18 50 50 50 50 50 50 50 50 50 27 50 50 50 25 50 50 50 22 50 50 16 50 50 40 50 50 50 41 50 50 48 50 50 50 50]
  [50 50 50 50 50 50 50 49 50 50 50 50 21 50 50 50 50 50 50 50 50 50 40 24 50 50 50 50 50 48 41 50 48 50 50 50 50 50 50 50 48 50 50 50 50 50 50 50 50 50 50 50 50 50 50 48 50 50 50 50 50 50 50 50 50 50 50 50 50 50 50 50 50 36 16 9 50 50 50 50 35 16 23 34 50 50 18 50 42 50 50 50 50 50 50 46 40 50 50 50 33 50 50 50 50 50 22 50 34 0 50 47 50 23 34 50 50 50 50 50 42 50 21 50 50 50 50 48 11 50 50 50 13 50 50 38 50 50 27 50 50 50 36 50 50 50 50 50 50 50]
  [50 50 50 50 50 50 14 50 50 50 50 50 50 50 50 50 50 50 24 50 32 50 50 50 28 50 35 48 50 48 50 50 50 50 46 50 50 24 44 50 50 50 24 50 50 50 50 50 38 50 50 50 50 50 37 50 29 50 50 50 50 50 50 50 50 50 50 50 50 50 50 50 50 50 50 50 50 50 50 50 50 50 50 50 50 50 50 50 50 29 13 50 50 50 50 50 50 38 50 50 50 44 28 50 50 50 50 50 50 50 0 50 43 50 50 50 50 50 50 50 50 50 50 50 50 50 18 50 50 50 50 50 50 50 50 50 50 50 50 50 50 50 50 50 50 40 50 50 40 50]
  [29 10 50 50 50 50 50 50 50 50 50 34 50 50 50 50 50 50 50 18 50 50 50 46 50 13 50 50 50 50 50 48 34 50 50 50 50 50 50 50 13 43 50 50 50 50 50 50 50 50 50 50 50 50 50 34 50 50 43 50 50 50 50 50 50 50 50 50 50 50 50 50 28 50 34 46 50 50 39 50 19 50 50 50 50 50 50 7 50 50 50 50 50 50 50 50 32 50 7 50 45 50 50 50 50 50 25 50 47 47 50 0 50 50 30 50 50 50 26 50 50 50 41 50 50 50 50 50 50 50 50 50 49 50 50 34 50 50 50 50 50 50 12 50 50 50 50 50 50 50]
  [50 50 50 50 50 50 47 35 50 50 50 50 50 14 50 50 44 50 46 50 34 50 50 50 36 50 50 50 50 35 41 50 50 50 33 50 39 20 18 50 50 50 50 50 50 50 50 50 16 14 50 37 44 50 50 50 50 50 50 50 50 50 50 50 50 50 50 50 12 50 50 50 50 50 50 50 50 50 50 50 50 50 50 47 50 41 50 50 50 15 50 50 50 50 50 50 50 50 50 50 50 50 43 50 50 50 50 50 50 50 43 50 0 50 50 19 50 50 50 50 50 50 50 50 50 50 43 50 50 50 50 50 50 50 50 50 50 50 50 50 50 50 50 50 50 50 50 20 17 50]
  [50 50 50 50 42 50 50 44 50 38 50 50 3 50 50 50 50 50 50 50 50 50 20 28 50 50 50 50 42 50 40 50 50 50 50 50 50 50 50 50 50 50 50 41 50 50 50 33 50 50 50 47 40 50 50 50 50 50 50 50 50 42 50 50 50 50 50 50 50 50 34 50 50 50 34 31 50 50 50 50 50 33 12 35 50 50 19 50 50 50 50 50 50 50 50 32 50 50 50 50 50 50 50 50 50 50 45 50 50 23 50 50 50 0 50 50 50 50 50 50 23 50 29 32 50 50 50 30 30 50 48 50 33 33 50 50 50 47 27 50 50 50 50 50 50 50 39 50 50 50]
  [50 36 50 38 50 36 50 50 50 50 50 50 50 50 50 50 50 50 50 34 50 50 50 48 50 39 50 50 50 50 50 50 14 50 50 50 50 50 50 50 21 50 50 50 50 50 50 50 50 50 50 50 50 32 50 50 50 50 50 50 50 50 50 50 50 50 50 50 50 50 50 50 50 31 31 27 50 50 50 50 34 31 50 50 50 50 46 37 33 50 50 50 50 50 50 50 7 48 28 37 16 50 50 50 50 50 18 50 18 34 50 30 50 50 0 50 50 50 50 50 50 50 43 50 32 50 50 50 30 50 50 50 28 50 50 6 50 50 50 50 50 50 25 50 50 50 50 50 50 50]
  [50 50 50 50 50 50 50 25 50 50 50 50 50 24 50 50 28 37 50 50 43 50 50 50 50 50 50 50 50 35 34 50 50 50 34 50 22 37 34 50 50 50 50 50 50 50 50 50 25 23 50 21 28 50 50 50 50 50 50 49 50 50 50 50 50 50 50 50 16 50 36 50 50 50 50 50 50 50 50 50 50 50 50 41 50 29 50 50 50 32 50 50 32 50 50 50 50 50 50 50 50 50 50 50 50 50 50 50 50 50 50 50 19 50 50 0 50 50 50 50 49 50 50 50 50 50 50 42 50 50 50 50 50 50 50 50 50 50 47 50 50 50 50 36 50 50 50 2 34 50]
  [50 50 50 50 50 50 50 50 50 50 50 50 50 50 50 50 50 50 50 50 50 20 50 50 50 50 50 50 50 50 50 50 50 50 50 50 50 50 50 50 50 50 50 50 50 6 50 50 50 50 50 50 50 50 50 50 50 50 50 50 50 50 50 50 50 50 50 50 50 50 50 50 50 50 50 50 50 50 50 50 50 50 50 50 50 50 50 50 50 50 50 50 50 50 50 50 50 50 50 50 50 50 50 50 50 50 50 50 50 50 50 50 50 50 50 50 0 50 50 50 50 50 50 50 50 50 50 50 50 50 50 50 50 50 50 50 50 50 50 50 50 50 50 50 50 50 50 50 50 50]
  [50 50 50 50 22 50 50 50 50 18 50 50 50 50 28 50 50 46 50 50 50 50 37 50 50 50 50 50 10 50 50 50 50 50 50 50 50 50 50 5 50 50 50 50 50 50 50 40 50 50 11 50 48 50 50 50 50 50 50 33 28 10 46 49 50 42 24 25 50 50 39 30 50 50 50 50 50 50 50 50 50 50 50 50 50 50 50 50 50 50 50 50 46 48 50 50 50 50 50 50 50 50 50 50 36 50 50 19 50 50 50 50 50 50 50 50 50 0 50 50 36 45 50 20 50 50 50 35 50 49 6 21 50 24 50 50 50 50 50 41 50 14 50 37 50 50 26 50 50 50]
  [40 16 50 50 50 50 50 50 50 50 50 27 50 50 50 50 50 50 50 19 50 40 50 50 50 13 50 50 50 50 50 45 50 50 50 50 50 50 50 50 30 50 50 50 50 50 50 50 50 50 50 50 50 50 50 49 50 50 45 50 50 50 50 50 50 50 50 50 50 50 50 50 29 50 50 50 50 50 20 50 42 50 50 50 50 50 50 21 50 50 50 50 50 50 50 50 50 50 24 50 50 50 50 50 50 50 50 50 50 50 50 26 50 50 50 50 50 50 0 50 50 50 50 50 50 50 50 50 50 50 50 50 50 50 47 50 50 50 50 50 50 50 37 50 50 50 50 50 50 50]
  [50 50 50 50 50 50 50 50 35 50 11 50 50 50 50 20 50 50 50 50 50 50 50 50 50 50 50 50 50 50 50 50 50 50 50 45 50 50 50 50 50 50 50 50 31 50 50 50 50 50 50 50 50 50 50 50 50 50 50 50 50 50 50 50 14 50 50 50 50 27 50 50 50 50 50 50 50 50 50 50 50 50 50 50 3 50 50 50 50 50 50 31 50 50 50 50 50 50 50 50 50 50 50 50 50 30 50 50 50 50 50 50 50 50 50 50 50 50 50 0 50 50 50 50 50 26 50 50 50 50 50 50 50 50 50 50 15 50 50 50 18 50 50 50 50 50 50 50 50 15]
  [50 50 50 50 37 50 50 31 50 30 50 50 25 50 50 50 50 50 50 50 50 50 2 50 50 50 50 50 29 47 33 50 50 50 48 50 50 50 50 40 50 50 50 50 50 50 50 39 50 50 47 29 21 50 50 50 50 50 50 46 50 29 50 50 50 50 50 50 50 50 13 50 50 50 50 47 50 50 50 50 50 44 20 32 50 50 28 50 50 50 50 50 46 50 50 46 50 50 50 50 50 50 50 50 50 50 50 50 50 42 50 50 50 23 50 49 50 36 50 50 0 50 50 19 50 50 50 8 44 50 35 50 47 29 50 50 50 50 28 50 50 47 50 38 50 50 36 48 50 50]
  [50 50 50 50 50 50 50 50 50 50 50 50 50 50 39 50 50 50 50 50 50 50 50 50 50 50 50 50 50 50 50 50 50 47 50 50 50 50 50 42 50 50 50 50 50 50 50 50 50 50 34 50 50 50 50 50 50 50 50 50 23 50 45 50 50 13 21 20 50 50 50 22 50 50 50 50 19 50 50 41 50 50 50 50 50 50 50 50 50 50 50 50 50 50 50 50 50 50 50 50 50 50 50 50 50 50 50 33 50 50 50 50 50 50 50 50 50 45 50 50 50 0 50 50 50 50 50 50 50 50 48 24 50 50 50 50 50 50 50 50 50 38 50 50 29 50 50 50 50 50]
  [37 50 50 50 50 50 50 50 50 50 50 50 27 50 50 50 50 50 50 50 50 50 50 5 50 50 50 50 50 50 50 50 50 50 50 50 50 50 50 50 47 40 50 39 50 50 50 47 50 50 50 50 50 50 50 29 50 50 50 50 50 50 50 50 50 50 50 50 50 50 50 50 50 50 12 28 50 50 50 50 24 37 36 50 50 50 35 45 50 50 50 50 50 50 50 35 49 50 47 50 49 50 50 50 50 50 25 50 50 21 50 41 50 29 43 50 50 50 50 50 50 50 0 50 50 50 50 50 32 50 50 50 33 50 50 48 50 50 46 50 50 50 30 50 50 50 50 50 50 50]
  [50 50 50 50 19 50 50 49 50 12 50 50 35 50 39 50 50 50 50 50 50 50 19 50 50 50 50 50 11 50 50 50 50 50 50 50 50 50 50 22 50 50 50 48 50 50 50 28 50 50 30 44 37 50 50 50 50 50 50 43 47 11 50 49 50 50 43 45 50 50 28 49 50 50 50 50 50 50 50 50 50 50 35 50 50 50 44 50 50 50 50 50 50 43 50 40 50 50 50 50 50 50 50 50 39 50 50 38 50 50 50 50 50 32 50 50 50 20 50 50 19 50 50 0 50 50 50 22 50 45 17 41 50 13 50 50 50 45 46 43 50 29 50 41 50 50 20 50 50 50]
  [50 50 50 16 50 14 50 50 50 50 50 50 50 50 50 50 50 50 50 50 50 50 50 50 50 50 50 38 50 50 50 50 22 50 50 50 50 50 50 50 44 50 45 50 50 50 50 50 50 50 50 50 50 8 50 50 50 28 50 50 50 50 50 50 50 50 50 50 50 50 50 50 50 34 50 50 50 50 50 50 50 49 50 50 50 50 50 50 29 50 50 50 50 50 50 50 26 36 50 16 27 32 50 50 50 50 50 50 27 50 50 50 50 50 32 50 50 50 50 50 50 50 50 50 0 50 50 50 50 50 50 50 48 50 50 26 50 50 50 50 50 50 50 50 50 33 50 50 50 50]
  [50 50 40 50 50 50 50 50 9 50 33 50 50 50 50 29 50 50 50 50 50 50 50 50 50 50 50 50 50 50 50 44 50 50 50 46 50 50 50 50 50 37 50 50 44 50 41 50 50 50 50 50 50 50 50 47 50 50 42 50 50 50 50 50 15 50 50 50 50 48 50 50 50 50 50 50 50 50 50 50 50 50 50 50 26 50 50 50 50 50 50 48 50 50 50 50 50 50 50 50 50 50 50 50 50 9 50 50 50 50 50 50 50 50 50 50 50 50 50 26 50 50 50 50 50 0 50 50 50 50 50 50 50 50 43 50 11 50 50 50 11 50 50 50 50 50 50 50 50 13]
  [50 50 50 50 50 50 7 50 50 50 50 50 50 45 50 50 50 50 6 50 45 50 50 50 12 50 25 50 50 50 50 50 50 50 50 50 50 29 36 50 50 50 42 50 50 50 50 50 44 47 50 50 50 50 25 50 39 50 50 50 50 50 50 50 50 50 50 50 50 50 50 50 50 50 50 50 50 50 50 50 50 50 50 50 50 50 50 50 50 32 12 50 50 50 50 50 50 50 50 50 50 50 10 50 50 50 50 50 50 50 18 50 43 50 50 50 50 50 50 50 50 50 50 50 50 50 0 50 50 50 50 50 50 50 50 50 50 50 50 50 50 50 50 50 50 50 50 50 33 50]
  [50 50 50 50 41 50 50 27 50 34 50 50 33 50 50 50 49 43 50 50 50 50 10 50 50 50 50 50 30 45 31 50 50 50 46 50 44 50 50 40 50 50 50 50 50 50 50 46 50 50 46 22 15 50 50 50 50 50 50 40 50 31 50 50 50 50 50 50 50 50 6 50 50 50 50 50 50 50 50 50 50 48 25 32 50 50 32 50 50 50 50 50 39 50 50 50 50 50 50 50 50 50 50 50 50 50 50 48 50 48 50 50 50 30 50 42 50 35 50 50 8 50 50 22 50 50 50 0 48 50 36 50 50 34 50 50 50 50 30 50 50 48 50 31 50 50 41 41 50 50]
  [50 50 50 50 50 50 50 43 50 50 50 50 28 50 50 50 50 50 50 50 49 50 42 35 50 50 50 50 50 38 34 50 43 50 40 50 50 50 50 50 48 50 50 50 50 50 50 50 50 50 50 50 48 47 50 50 50 50 50 50 50 50 50 50 50 50 50 50 50 50 49 50 50 25 24 5 50 50 50 50 42 5 24 26 50 50 16 50 31 50 50 50 50 50 50 50 36 44 50 50 25 50 50 50 50 50 25 50 25 11 50 50 50 30 30 50 50 50 50 50 44 50 32 50 50 50 50 48 0 50 50 50 3 50 50 33 50 50 21 50 50 50 40 50 50 50 50 50 50 50]
  [50 50 50 50 28 50 50 50 50 35 50 50 50 50 32 44 50 50 50 50 50 50 50 50 50 50 50 50 43 50 50 50 50 50 50 25 50 50 50 45 50 50 50 28 32 50 50 23 50 50 50 50 50 50 50 50 50 50 50 50 50 43 31 8 50 50 50 50 50 50 50 50 50 50 50 50 50 6 50 50 50 50 50 50 50 50 50 50 50 50 50 35 50 4 20 30 50 50 50 50 50 50 50 14 17 50 50 50 50 50 50 50 50 50 50 50 50 49 50 50 50 50 50 45 50 50 50 50 50 0 43 50 50 33 50 50 50 15 50 14 50 40 50 50 50 50 26 50 50 50]
  [50 50 50 50 16 50 50 50 50 12 50 50 50 50 25 50 50 50 50 50 50 50 35 50 50 50 50 50 6 50 50 50 50 50 50 50 50 50 50 6 50 50 50 50 50 50 50 33 50 50 14 50 49 50 50 50 50 50 50 39 33 6 43 44 50 46 27 29 50 50 40 35 50 50 50 50 50 49 50 50 50 50 50 50 50 50 50 50 50 50 50 50 50 42 50 48 50 50 50 50 50 50 50 50 31 50 50 25 50 50 50 50 50 48 50 50 50 6 50 50 35 48 50 17 50 50 50 36 50 43 0 25 50 18 50 50 50 48 50 36 50 13 50 42 50 50 20 50 50 50]
  [50 50 50 50 37 50 50 50 50 36 50 50 50 50 27 50 50 50 50 50 50 50 50 50 50 50 50 50 30 50 50 50 50 44 50 50 50 50 50 19 50 50 50 50 50 50 50 50 50 50 11 50 50 50 50 50 50 50 50 37 11 31 41 50 50 22 3 5 50 50 50 13 50 50 50 50 35 50 50 50 50 50 50 50 50 50 50 50 50 50 50 50 50 50 50 50 50 50 50 50 50 50 50 50 41 50 50 13 50 50 50 50 50 50 50 50 50 21 50 50 50 24 50 41 50 50 50 50 50 50 25 0 50 42 50 50 50 50 50 46 50 17 50 47 37 50 42 50 50 50]
  [50 50 50 50 50 50 50 44 50 50 50 50 31 50 50 50 50 50 50 50 49 50 45 37 50 50 50 50 50 39 35 50 40 50 41 50 50 50 50 50 46 50 50 50 50 50 50 50 50 50 50 50 50 44 50 50 50 50 50 50 50 50 50 50 50 50 50 50 50 50 50 50 50 23 24 5 50 50 50 50 41 5 27 28 50 50 19 50 29 50 50 50 50 50 50 50 33 43 50 50 22 50 50 50 50 50 24 50 22 13 50 49 50 33 28 50 50 50 50 50 47 50 33 50 48 50 50 50 3 50 50 50 0 50 50 30 50 50 24 50 50 50 38 50 50 50 50 50 50 50]
  [50 50 50 50 9 50 50 50 50 7 50 50 36 50 32 50 50 50 50 50 50 50 28 50 50 50 50 50 15 50 50 50 50 50 50 46 50 50 50 24 50 50 50 38 50 50 50 16 50 50 32 50 49 50 50 50 50 50 50 50 50 14 46 37 50 50 44 47 50 50 40 50 50 50 50 50 50 39 50 50 50 50 40 50 50 50 50 50 50 50 50 50 50 30 49 30 50 50 50 50 50 50 50 45 28 50 50 43 50 50 50 50 50 33 50 50 50 24 50 50 29 50 50 13 50 50 50 34 50 33 18 42 50 0 50 50 50 33 50 32 50 27 50 50 50 50 7 50 50 50]
  [27 50 5 50 50 50 50 50 34 50 50 20 50 50 50 50 50 50 50 50 50 50 50 50 50 48 50 50 50 50 50 2 50 50 50 50 50 50 50 50 50 24 50 50 50 50 6 50 50 50 50 50 50 50 50 34 50 50 11 50 50 50 50 50 50 50 50 50 50 50 50 50 23 50 50 50 50 50 33 50 49 50 50 50 50 50 50 45 50 50 50 50 50 50 50 50 50 50 50 50 50 50 50 50 50 42 50 50 50 50 50 50 50 50 50 50 50 50 47 50 50 50 50 50 50 43 50 50 50 50 50 50 50 50 0 50 50 50 50 50 50 50 50 50 50 50 50 50 50 50]
  [50 39 50 33 50 31 50 50 50 50 50 50 50 50 50 50 50 50 50 36 50 50 50 50 50 42 50 50 50 50 50 50 10 50 50 50 50 50 50 50 24 50 50 50 50 50 50 50 50 50 50 50 50 27 50 50 50 50 50 50 50 50 50 50 50 50 50 50 50 50 50 50 50 30 36 31 50 50 50 50 39 33 50 50 50 50 49 41 30 50 50 50 50 50 50 50 3 45 31 31 14 50 50 50 50 50 24 50 16 38 50 34 50 50 6 50 50 50 50 50 50 50 48 50 26 50 50 50 33 50 50 50 30 50 50 0 50 50 50 50 50 50 30 50 50 50 50 50 50 50]
  [50 50 50 50 50 50 50 50 20 50 22 50 50 50 50 25 50 50 50 50 50 50 50 50 50 50 50 50 50 50 50 50 50 50 50 46 50 50 50 50 50 48 50 50 39 50 50 50 50 50 50 50 50 50 50 50 50 50 50 50 50 50 50 50 5 50 50 50 50 38 50 50 50 50 50 50 50 50 50 50 50 50 50 50 15 50 50 50 50 50 50 42 50 50 50 50 50 50 50 50 50 50 50 50 50 17 50 50 50 50 50 50 50 50 50 50 50 50 50 15 50 50 50 50 50 11 50 50 50 50 50 50 50 50 50 50 0 50 50 50 9 50 50 50 50 50 50 50 50 2]
  [50 50 50 50 31 50 50 50 50 37 50 50 47 50 44 38 50 50 50 50 50 50 50 46 50 50 50 50 46 50 50 50 50 50 50 14 50 50 50 50 50 50 50 13 30 50 50 18 50 50 50 50 50 50 50 50 50 50 50 50 50 46 46 23 50 50 50 50 50 50 50 50 50 50 50 50 50 17 50 50 50 50 50 50 50 50 50 50 50 50 50 36 50 11 33 17 50 50 50 50 50 50 50 27 29 50 50 50 50 50 50 50 50 47 50 50 50 50 50 50 50 50 50 45 50 50 50 50 50 15 48 50 50 33 50 50 50 0 50 27 50 49 50 50 50 50 28 50 50 50]
  [50 50 50 50 50 50 50 22 50 50 50 50 27 50 50 50 50 50 50 50 41 50 27 47 50 50 50 50 50 25 14 50 50 50 27 50 50 50 50 50 50 50 50 50 50 50 50 50 43 50 50 31 27 50 50 50 50 50 50 50 50 50 50 50 50 50 50 50 50 50 29 50 50 32 42 26 50 50 50 50 50 19 15 8 50 50 10 50 37 50 50 50 50 50 50 50 50 44 50 50 41 50 50 50 50 50 46 50 40 27 50 50 50 27 50 47 50 50 50 50 28 50 46 46 50 50 50 30 21 50 50 50 24 50 50 50 50 50 0 50 50 50 50 50 50 50 50 45 50 50]
  [50 50 50 50 24 50 50 50 50 32 50 50 50 50 19 50 50 50 50 50 50 50 50 50 50 50 50 50 38 50 50 50 50 50 50 39 50 50 50 37 50 50 50 40 43 50 50 29 50 50 41 50 50 50 50 50 50 50 50 50 50 38 19 9 50 50 45 49 50 50 50 50 50 50 50 50 50 16 50 50 50 50 50 50 50 50 50 50 50 50 50 45 50 17 18 40 50 50 50 50 50 50 50 16 5 50 50 50 50 50 50 50 50 50 50 50 50 41 50 50 50 50 50 43 50 50 50 50 50 14 36 46 50 32 50 50 50 27 50 0 50 30 50 50 50 50 25 50 50 50]
  [50 50 50 50 50 50 50 50 20 50 27 50 50 50 50 18 50 50 50 50 50 50 50 50 50 50 50 50 50 50 50 50 50 50 50 38 50 50 50 50 50 43 50 47 33 50 50 50 50 50 50 50 50 50 50 50 50 50 50 50 50 50 50 50 14 50 50 50 50 44 50 50 50 50 50 50 50 50 50 50 50 50 50 50 19 50 50 50 50 50 50 37 50 50 50 50 50 50 50 50 50 50 50 50 50 12 50 50 50 50 50 50 50 50 50 50 50 50 50 18 50 50 50 50 50 11 50 50 50 50 50 50 50 50 50 50 9 50 50 50 0 50 50 50 50 50 50 50 50 11]
  [50 50 50 50 20 50 50 50 50 21 50 50 50 50 14 50 50 50 50 50 50 50 48 50 50 50 50 50 18 50 50 50 50 50 50 50 50 50 50 9 50 50 50 50 50 50 50 38 50 50 11 50 50 50 50 50 50 50 50 44 28 18 32 39 50 39 19 22 50 50 50 30 50 50 50 50 50 45 50 50 50 50 50 50 50 50 50 50 50 50 50 50 50 41 47 50 50 50 50 50 50 50 50 46 25 50 50 24 50 50 50 50 50 50 50 50 50 14 50 50 47 38 50 29 50 50 50 48 50 40 13 17 50 27 50 50 50 49 50 30 50 0 50 50 50 50 25 50 50 50]
  [29 22 50 50 50 50 50 50 50 50 50 41 50 50 50 50 50 50 50 29 50 50 50 35 50 24 50 50 50 50 50 50 34 50 50 50 50 50 50 50 18 41 50 50 50 50 50 50 50 50 50 50 50 50 50 30 50 50 46 50 50 50 50 50 50 50 50 50 50 50 50 50 33 50 22 35 50 50 49 50 10 44 50 50 50 50 50 17 50 50 50 50 50 50 50 50 29 50 16 50 39 50 50 50 50 50 14 50 41 36 50 12 50 50 25 50 50 50 37 50 50 50 30 50 50 50 50 50 40 50 50 50 38 50 50 30 50 50 50 50 50 50 0 50 50 50 50 50 50 50]
  [50 50 50 50 50 50 50 41 50 49 50 50 50 50 50 50 23 12 50 50 50 50 41 50 50 50 50 50 41 50 50 50 50 43 50 50 21 50 50 42 50 50 50 50 50 50 50 50 50 50 43 29 30 50 50 50 50 50 50 14 44 41 50 50 50 50 50 48 48 50 29 45 50 50 50 50 50 50 50 50 50 50 50 50 50 32 50 50 50 50 50 50 10 50 50 50 50 50 50 50 50 50 50 50 50 50 50 35 50 50 50 50 50 50 50 36 50 37 50 50 38 50 50 41 50 50 50 31 50 50 42 47 50 50 50 50 50 50 50 50 50 50 50 0 50 50 50 36 50 50]
  [50 50 50 50 50 50 50 50 50 50 50 50 50 50 50 50 50 50 50 50 50 50 50 50 50 50 50 50 50 50 50 50 50 22 50 50 50 50 50 50 50 50 50 50 50 50 50 50 50 50 46 50 50 50 50 50 50 50 50 45 27 50 50 50 50 18 36 33 50 50 50 25 50 50 50 50 13 50 50 14 50 50 50 50 50 50 50 50 50 50 50 50 50 50 50 50 50 50 50 50 50 50 50 50 50 50 50 36 50 50 50 50 50 50 50 50 50 50 50 50 50 29 50 50 50 50 50 50 50 50 50 37 50 50 50 50 50 50 50 50 50 50 50 50 0 50 50 50 50 50]
  [50 50 50 43 50 43 50 50 50 50 50 50 50 50 50 50 50 50 50 50 43 50 50 50 50 50 50 13 50 50 50 50 50 50 50 50 50 50 50 50 50 50 16 50 50 50 50 50 50 50 50 50 50 29 50 50 32 39 50 50 50 50 50 50 50 50 50 50 50 50 50 50 50 44 50 50 50 50 50 50 50 50 50 50 50 50 50 50 38 50 47 50 50 50 50 50 50 30 50 44 49 4 50 50 50 50 50 50 48 50 40 50 50 50 50 50 50 50 50 50 50 50 50 50 33 50 50 50 50 50 50 50 50 50 50 50 50 50 50 50 50 50 50 50 50 0 50 50 50 50]
  [50 50 50 50 5 50 50 50 50 10 50 50 41 50 27 50 50 50 50 50 50 50 36 50 50 50 50 50 19 50 50 50 50 50 50 42 50 50 50 25 50 50 50 35 50 50 50 14 50 50 33 50 50 50 50 50 50 50 50 50 50 18 39 30 50 50 43 46 50 50 47 50 50 50 50 50 50 32 50 50 50 50 47 50 50 50 50 50 50 50 50 50 50 24 42 29 50 50 50 50 50 50 50 38 21 50 50 45 50 50 50 50 50 39 50 50 50 26 50 50 36 50 50 20 50 50 50 41 50 26 20 42 50 7 50 50 50 28 50 25 50 25 50 50 50 50 0 50 50 50]
  [50 50 50 50 50 50 50 23 50 50 50 50 50 26 50 50 29 38 50 50 41 50 50 50 50 50 50 50 50 33 32 50 50 50 32 50 24 36 35 50 50 50 50 50 50 50 50 50 24 24 50 19 26 50 50 50 50 50 50 49 50 50 50 50 50 50 50 50 17 50 35 50 50 50 50 50 50 50 50 50 50 50 50 39 50 31 50 50 50 32 50 50 33 50 50 50 50 50 50 50 50 50 50 50 50 50 50 50 50 50 50 50 20 50 50 2 50 50 50 50 48 50 50 50 50 50 50 41 50 50 50 50 50 50 50 50 50 50 45 50 50 50 50 36 50 50 50 0 35 50]
  [50 50 50 50 50 50 39 50 50 50 50 50 50 13 50 50 50 50 35 50 44 50 50 50 23 50 50 50 50 49 50 50 50 50 47 50 49 23 4 50 50 50 50 50 50 50 50 50 29 15 50 50 50 50 50 50 50 50 50 50 50 50 50 50 50 50 50 50 19 50 50 50 50 50 50 50 50 50 50 50 50 50 50 50 50 46 50 50 50 20 43 50 50 50 50 50 50 50 50 50 50 50 30 50 50 50 50 50 50 50 40 50 17 50 50 34 50 50 50 50 50 50 50 50 50 50 33 50 50 50 50 50 50 50 50 50 50 50 50 50 50 50 50 50 50 50 50 35 0 50]
  [50 50 50 50 50 50 50 50 21 50 21 50 50 50 50 26 50 50 50 50 50 50 50 50 50 50 50 50 50 50 50 50 50 50 50 48 50 50 50 50 50 50 50 50 40 50 50 50 50 50 50 50 50 50 50 50 50 50 50 50 50 50 50 50 2 50 50 50 50 36 50 50 50 50 50 50 50 50 50 50 50 50 50 50 14 50 50 50 50 50 50 43 50 50 50 50 50 50 50 50 50 50 50 50 50 19 50 50 50 50 50 50 50 50 50 50 50 50 50 15 50 50 50 50 50 13 50 50 50 50 50 50 50 50 50 50 2 50 50 50 11 50 50 50 50 50 50 50 50 0]
];