K=8;
N=150;
P=[1385 1474 124 584 479 613 1430 188];
R=[41 47 15 35 26 42 41 30];
A=[5 6 2 5 4 4 6 2];
C=[33 32 29 44 28 53 28 61];
M=[
  [0 24 50 50 50 50 50 50 50 50 50 50 50 42 50 18 50 40 50 19 50 50 50 50 50 50 22 50 31 50 50 50 50 50 50 34 50 50 50 50 45 37 50 50 35 29 50 50 50 50 50 50 50 50 50 50 50 50 50 50 50 50 50 49 16 50 50 50 50 50 50 19 38 50 35 50 50 50 50 50 50 50 34 50 50 50 50 50 50 22 50 50 50 35 50 22 50 50 50 50 50 50 43 35 50 50 50 50 50 50 50 50 36 7 50 50 50 50 50 42 50 50 50 21 25 28 37 50 50 25 50 23 50 50 50 39 17 50 50 50 50 26 50 50 50 50 50 50 50 50]
  [24 0 50 50 50 50 50 50 50 50 50 50 50 50 50 29 50 50 50 21 50 50 50 50 50 50 37 50 50 50 50 50 50 50 50 27 50 50 50 50 50 29 50 50 14 50 50 50 50 50 50 50 50 50 50 50 50 50 50 50 50 50 50 43 12 50 50 50 50 50 50 43 14 50 50 50 50 50 50 50 50 50 50 50 50 50 50 50 50 44 50 50 50 50 50 43 50 50 50 50 50 50 19 45 50 50 50 50 50 50 50 50 50 19 50 50 50 27 50 50 50 50 50 34 8 49 50 50 50 44 50 36 50 50 50 46 15 50 50 50 50 22 50 50 50 50 30 50 50 50]
  [50 50 0 13 50 50 50 50 50 50 50 50 50 50 50 50 33 50 50 50 50 50 50 50 50 50 50 50 50 50 44 50 50 50 50 50 50 50 48 50 50 50 50 50 50 50 45 50 50 50 50 50 50 48 45 50 50 28 50 49 34 50 50 50 50 50 50 50 4 50 29 50 50 50 50 50 50 50 50 50 50 50 50 50 50 50 50 50 50 50 44 50 8 50 50 50 44 50 50 50 50 50 50 50 50 24 50 50 50 42 50 50 50 50 33 50 50 50 50 50 50 50 50 50 50 50 50 50 50 50 37 50 50 11 50 50 50 50 50 50 50 50 45 50 42 50 50 50 50 50]
  [50 50 13 0 50 50 50 50 50 50 38 50 50 50 50 50 25 50 50 50 50 50 50 50 50 50 50 50 50 50 50 43 50 50 50 50 50 50 39 50 50 50 50 50 50 50 50 45 50 50 50 50 50 42 35 50 50 16 49 39 26 47 50 50 50 50 50 42 12 50 17 50 50 50 50 50 50 50 50 50 50 50 50 50 50 50 50 50 50 50 44 50 18 50 50 50 47 50 50 50 50 50 50 50 50 28 50 50 50 43 50 50 50 50 46 50 50 50 50 50 50 50 50 50 50 50 50 50 50 50 25 50 50 11 50 50 50 50 44 50 50 50 50 50 49 50 50 50 50 50]
  [50 50 50 50 0 16 50 50 50 49 50 50 50 50 5 50 50 50 50 50 50 50 50 50 50 50 50 50 50 50 50 50 50 45 44 50 38 50 50 50 50 50 50 50 50 50 50 50 50 50 50 33 50 50 50 50 50 50 50 50 50 50 50 50 50 50 50 50 50 50 50 50 50 50 50 25 49 50 50 50 50 50 50 50 50 43 50 50 45 50 50 50 50 50 50 50 50 50 12 50 50 50 50 50 50 50 50 50 7 50 50 50 50 50 50 25 50 50 50 50 50 12 50 50 50 50 50 50 50 50 50 50 50 50 50 50 50 22 50 50 50 50 50 50 50 50 50 44 50 50]
  [50 50 50 50 16 0 50 50 50 50 50 50 50 50 15 50 50 50 50 50 50 50 50 50 50 50 50 50 50 50 50 50 50 37 50 50 37 50 50 50 50 50 50 50 50 50 50 50 50 50 50 43 50 50 50 50 50 50 50 50 50 50 50 50 50 50 50 50 50 50 50 50 50 50 50 29 50 50 50 50 50 50 50 50 50 30 50 50 36 50 50 50 50 50 50 50 50 50 8 50 50 50 50 50 50 50 50 50 18 50 50 50 50 50 50 32 50 50 50 50 50 9 50 50 50 50 50 50 50 50 50 50 50 50 50 50 50 18 50 50 50 50 50 50 50 50 50 50 50 43]
  [50 50 50 50 50 50 0 50 13 50 50 50 50 42 50 50 50 49 50 50 50 50 14 50 50 50 50 45 50 50 38 50 50 50 50 50 50 50 50 41 50 50 48 39 50 50 50 50 20 10 50 50 28 50 50 50 50 50 41 50 50 50 50 50 50 21 38 50 50 50 50 50 50 50 49 50 50 50 27 50 50 50 47 40 50 50 37 50 50 50 50 50 50 44 50 50 50 33 50 50 50 50 50 50 50 50 50 50 50 50 5 50 50 50 50 50 31 50 22 50 50 50 50 50 50 50 41 50 50 50 50 50 50 50 50 50 50 50 50 50 50 50 30 50 25 50 50 50 50 50]
  [50 50 50 50 50 50 50 0 50 34 50 50 50 50 50 50 50 50 50 50 50 50 50 50 23 50 50 50 50 50 50 50 50 50 13 50 42 50 50 50 50 50 50 48 50 50 50 50 50 50 50 23 50 50 50 35 50 50 50 50 50 50 50 50 50 50 50 50 50 50 50 50 50 50 50 39 8 50 50 50 50 50 50 47 50 50 50 50 50 50 50 42 50 50 50 50 50 50 50 50 50 50 50 50 25 50 50 14 50 50 50 50 50 50 50 34 50 50 50 50 50 50 50 50 50 50 50 50 50 50 50 50 50 50 17 50 50 50 50 50 50 50 50 50 50 50 50 19 50 50]
  [50 50 50 50 50 50 13 50 0 50 50 50 50 44 50 50 50 50 50 50 50 50 8 50 50 50 50 46 50 50 32 50 50 50 50 50 50 50 50 50 50 50 50 50 50 50 50 50 19 23 50 50 41 50 50 50 50 50 30 50 50 50 50 50 50 25 44 50 50 50 50 50 50 50 42 50 50 50 36 50 50 50 48 47 50 50 50 50 50 50 50 50 46 39 50 50 50 45 50 50 50 50 50 50 50 50 50 50 50 50 8 50 50 50 50 50 23 50 34 45 50 50 50 50 50 50 37 50 50 50 50 50 50 50 50 50 50 50 50 50 50 50 23 50 13 50 50 50 50 50]
  [50 50 50 50 49 50 50 34 50 0 50 50 50 50 50 50 50 50 50 50 50 50 50 50 17 50 50 27 50 50 50 50 50 28 26 50 15 50 50 50 50 50 50 41 50 50 50 50 50 50 25 28 50 50 50 50 50 50 50 50 50 50 50 50 50 47 28 50 50 29 50 50 50 46 50 24 33 50 50 50 50 50 50 29 50 43 50 50 33 50 50 45 50 50 50 50 50 49 50 50 50 47 50 50 44 50 50 27 50 50 50 50 50 50 50 27 50 50 50 50 50 43 50 50 50 50 50 50 50 50 50 50 35 50 18 50 50 32 50 50 49 50 50 50 50 50 50 17 50 50]
  [50 50 50 38 50 50 50 50 50 50 0 50 50 50 50 50 25 50 25 50 46 50 50 50 50 50 50 50 50 50 50 32 36 50 50 50 50 50 22 50 50 50 50 50 50 50 50 33 50 50 50 50 50 50 16 50 50 23 50 21 27 24 19 46 50 50 50 20 48 50 30 50 50 50 50 50 50 50 50 50 50 50 50 50 50 50 50 50 50 50 50 50 50 50 50 50 50 50 50 50 50 50 50 48 50 50 50 50 50 50 50 50 50 50 50 50 50 50 50 50 37 50 50 50 50 50 50 50 45 50 14 50 50 47 50 43 50 50 14 50 50 50 50 50 50 50 50 50 50 50]
  [50 50 50 50 50 50 50 50 50 50 50 0 50 50 50 50 50 50 50 50 50 35 50 50 50 50 50 50 50 50 50 50 50 50 50 50 50 50 50 50 50 50 50 50 50 50 50 50 50 50 50 50 50 28 50 50 50 50 50 50 50 50 50 50 50 50 50 50 50 50 50 50 50 50 50 50 50 43 50 50 50 50 50 50 50 50 50 22 50 50 16 50 50 50 50 50 20 50 50 50 11 50 50 50 50 37 50 50 50 18 50 50 50 50 50 50 50 50 50 50 50 50 34 50 50 50 50 50 50 50 50 50 50 50 50 50 50 50 50 50 50 50 50 50 50 23 50 50 43 50]
  [50 50 50 50 50 50 50 50 50 50 50 50 0 50 50 50 50 50 50 50 50 50 50 45 50 50 50 50 50 27 50 50 50 50 50 50 50 50 50 50 50 50 50 50 50 50 50 50 50 50 50 50 50 50 50 50 50 50 50 50 50 50 50 50 50 50 50 50 50 50 50 50 50 50 50 50 50 50 50 50 50 31 50 50 50 50 43 50 50 50 50 50 50 50 50 50 50 50 50 45 50 50 50 50 50 50 50 50 50 50 50 50 50 50 50 50 50 50 50 50 50 50 50 50 50 50 50 17 50 50 50 50 50 50 50 50 50 50 50 13 50 50 50 32 50 50 50 50 50 50]
  [42 50 50 50 50 50 42 50 44 50 50 50 50 0 50 48 50 8 50 50 50 50 35 50 50 46 42 50 19 50 50 50 50 50 50 50 50 50 50 50 22 50 20 50 50 14 50 50 25 39 50 50 50 50 50 50 50 50 42 50 50 50 50 50 50 50 50 50 50 50 50 24 50 50 32 50 50 50 25 50 43 50 8 50 23 50 50 50 50 28 50 50 50 24 49 30 50 50 50 50 50 50 50 50 50 50 43 50 50 50 40 46 33 48 50 50 32 50 34 44 50 50 50 44 50 28 18 50 50 33 50 44 50 50 50 50 50 50 50 50 50 50 50 50 50 50 50 50 50 50]
  [50 50 50 50 5 15 50 50 50 50 50 50 50 50 0 50 50 50 50 50 50 50 50 50 50 50 50 50 50 50 50 50 50 48 49 50 42 50 50 50 50 50 50 50 50 50 50 50 50 50 50 38 50 50 50 50 50 50 50 50 50 50 50 50 50 50 50 50 50 50 50 50 50 50 50 30 50 50 50 50 50 50 50 50 50 44 50 50 47 50 50 50 50 50 50 50 50 50 9 50 50 50 50 50 50 50 50 50 4 50 50 50 50 50 50 30 50 50 50 50 50 14 50 50 50 50 50 50 50 50 50 50 50 50 50 50 50 25 50 50 50 50 50 50 50 50 50 49 50 50]
  [18 29 50 50 50 50 50 50 50 50 50 50 50 48 50 0 50 48 50 35 50 50 50 50 50 50 39 50 43 50 50 50 33 50 50 21 50 50 46 50 50 24 50 50 42 37 50 50 50 50 50 50 50 50 50 50 50 50 43 46 50 50 50 34 17 50 50 45 50 50 50 25 39 50 27 50 50 50 50 50 50 50 40 50 50 50 50 50 50 37 50 50 50 31 50 37 50 50 50 50 50 50 46 18 50 50 50 50 50 50 50 50 50 15 50 50 46 50 50 29 50 50 50 39 34 43 36 50 50 18 50 41 50 50 50 21 14 50 50 50 50 15 50 50 50 50 46 50 50 50]
  [50 50 33 25 50 50 50 50 50 50 25 50 50 50 50 50 0 50 50 50 50 50 50 50 50 50 50 50 50 50 50 49 41 50 50 50 50 50 15 50 50 50 50 50 50 50 50 50 50 50 50 50 50 50 13 50 50 20 32 15 2 46 45 50 50 50 50 18 30 50 31 50 50 50 45 50 50 50 50 50 50 50 50 50 50 50 50 50 50 50 50 50 33 50 50 50 50 50 50 50 50 50 50 38 50 50 50 50 50 50 50 50 50 50 50 50 45 50 50 33 50 50 50 50 50 50 50 50 50 50 15 50 50 36 50 37 50 50 38 50 50 50 50 50 47 50 50 50 50 50]
  [40 50 50 50 50 50 49 50 50 50 50 50 50 8 50 48 50 0 50 50 50 50 44 50 50 38 35 50 12 50 50 50 50 50 50 50 50 50 50 50 14 50 17 50 50 11 50 50 33 46 50 50 50 50 50 50 50 50 49 50 50 50 50 50 50 50 50 50 50 50 50 23 50 50 37 50 50 50 29 50 36 50 10 50 18 50 50 50 50 22 50 50 50 29 42 24 50 50 50 44 50 50 50 50 50 50 36 50 50 50 48 39 25 46 50 50 39 50 39 49 50 50 50 38 50 21 24 50 50 36 50 38 50 50 50 50 50 50 50 50 50 50 50 50 50 50 50 50 50 50]
  [50 50 50 50 50 50 50 50 50 50 25 50 50 50 50 50 50 50 0 50 50 50 50 50 50 50 50 50 50 50 50 39 38 50 50 50 50 50 41 50 50 50 50 50 50 50 50 39 50 50 50 50 50 50 38 50 50 47 50 40 50 27 8 42 50 50 50 37 50 50 50 50 50 50 50 50 50 50 50 50 50 50 50 50 50 50 50 50 50 50 50 50 50 50 50 50 50 50 50 50 50 50 50 50 50 50 50 50 50 50 50 50 50 50 50 50 50 50 50 50 22 50 50 50 50 50 50 50 48 50 39 50 50 50 50 50 50 50 21 50 50 50 50 50 50 50 50 50 50 50]
  [19 21 50 50 50 50 50 50 50 50 50 50 50 50 50 35 50 50 50 0 50 50 50 50 50 50 17 50 38 50 50 50 50 50 50 45 50 50 50 50 50 47 50 50 24 41 50 50 50 50 50 50 50 50 50 50 50 50 50 50 50 50 50 50 24 50 50 50 50 50 50 35 34 50 50 50 50 50 50 50 50 50 47 50 50 50 50 50 50 28 50 50 50 50 50 26 50 50 50 50 50 50 34 50 50 50 50 50 50 50 50 50 35 20 50 50 50 46 50 50 50 50 50 14 16 31 50 50 50 44 50 16 50 50 50 50 28 50 50 50 50 37 50 50 50 50 50 50 50 50]
  [50 50 50 50 50 50 50 50 50 50 46 50 50 50 50 50 50 50 50 50 0 23 50 50 50 50 50 50 50 50 50 15 50 50 50 50 50 50 50 50 50 50 50 50 50 50 50 14 50 50 50 50 50 23 50 50 50 43 50 50 50 25 44 50 50 50 50 50 50 50 34 50 50 50 50 50 50 15 50 50 50 50 50 50 50 50 50 38 50 50 44 50 50 50 50 50 50 50 50 50 50 50 50 50 50 50 50 50 50 46 50 50 50 50 50 50 50 50 50 50 50 50 17 50 50 50 50 50 7 50 48 50 50 50 50 50 50 50 35 50 50 50 50 50 50 34 50 50 50 50]
  [50 50 50 50 50 50 50 50 50 50 50 35 50 50 50 50 50 50 50 50 23 0 50 50 50 50 50 50 50 50 50 37 50 50 50 50 50 50 50 50 50 50 50 50 50 50 50 37 50 50 50 50 50 22 50 50 50 50 50 50 50 49 50 50 50 50 50 50 50 50 49 50 50 50 50 50 50 10 50 50 50 50 50 50 50 50 50 16 50 50 37 50 50 50 50 50 48 50 50 50 43 50 50 50 50 50 50 50 50 40 50 50 50 50 50 50 50 50 50 50 50 50 10 50 50 50 50 50 27 50 50 50 50 50 50 50 50 50 50 50 50 50 50 50 50 13 50 50 50 50]
  [50 50 50 50 50 50 14 50 8 50 50 50 50 35 50 50 50 44 50 50 50 50 0 50 50 50 50 50 50 50 41 50 50 50 50 50 50 50 50 50 50 50 48 50 50 46 50 50 10 22 50 50 42 50 50 50 50 50 27 50 50 50 50 50 50 32 50 50 50 50 50 49 50 50 36 50 50 50 31 50 50 50 39 50 50 50 49 50 50 50 50 50 50 32 50 50 50 47 50 50 50 50 50 50 50 50 50 50 50 50 9 50 50 50 50 50 17 50 30 40 50 50 50 50 50 50 29 50 50 45 50 50 50 50 50 50 50 50 50 50 50 50 32 50 20 50 50 50 50 50]
  [50 50 50 50 50 50 50 50 50 50 50 50 45 50 50 50 50 50 50 50 50 50 50 0 47 50 50 50 50 50 50 50 50 50 50 50 50 50 50 18 50 50 50 28 50 50 50 50 50 50 50 50 31 50 50 18 50 50 50 50 50 50 50 50 50 50 50 50 50 50 50 50 50 50 50 50 50 50 50 50 50 15 50 43 50 50 27 50 50 50 50 18 50 50 50 50 50 28 50 50 50 50 50 50 28 50 50 43 50 50 50 50 50 50 50 50 50 50 48 50 50 50 50 50 50 50 50 50 50 50 50 50 50 50 50 50 50 50 50 50 50 50 50 18 50 50 50 50 50 50]
  [50 50 50 50 50 50 50 23 50 17 50 50 50 50 50 50 50 50 50 50 50 50 50 47 0 50 50 35 50 50 50 50 50 45 22 50 31 50 50 46 50 50 50 30 50 50 50 50 50 50 40 30 48 50 50 33 50 50 50 50 50 50 50 50 50 47 29 50 50 40 50 50 50 50 50 36 26 50 50 50 50 50 50 25 50 50 50 50 49 50 50 30 50 50 50 50 50 39 50 50 50 50 50 50 27 50 50 12 50 50 50 50 50 50 50 35 50 50 50 50 50 50 50 50 50 50 50 50 50 50 50 50 50 50 10 50 50 47 50 50 50 50 50 50 50 50 50 16 50 50]
  [50 50 50 50 50 50 50 50 50 50 50 50 50 46 50 50 50 38 50 50 50 50 50 50 50 0 35 50 32 43 50 50 50 50 50 50 50 50 50 50 25 50 36 50 50 42 50 50 50 50 50 50 50 50 50 50 50 50 50 50 50 50 50 50 50 50 50 50 50 50 50 50 50 50 50 50 50 50 50 50 17 50 46 50 32 50 50 50 50 34 50 50 50 50 12 34 50 50 50 25 50 50 50 50 50 50 18 50 50 50 50 14 19 50 50 50 50 50 50 50 50 50 50 37 50 28 50 50 50 50 50 35 50 50 50 50 50 50 50 50 50 50 50 50 50 50 50 50 50 50]
  [22 37 50 50 50 50 50 50 50 50 50 50 50 42 50 39 50 35 50 17 50 50 50 50 50 35 0 50 23 50 50 50 50 50 50 50 50 50 50 50 34 50 48 50 41 28 50 50 50 50 50 50 50 50 50 50 50 50 50 50 50 50 50 50 35 50 50 50 50 50 50 27 50 50 50 50 50 50 50 50 48 50 35 50 46 50 50 50 50 13 50 50 50 47 47 11 50 50 50 50 50 50 50 50 50 50 49 50 50 50 50 47 18 27 50 50 50 50 50 50 50 50 50 2 32 15 46 50 50 41 50 3 50 50 50 50 37 50 50 50 50 47 50 50 50 50 50 50 50 50]
  [50 50 50 50 50 50 45 50 46 27 50 50 50 50 50 50 50 50 50 50 50 50 50 50 35 50 50 0 50 50 24 50 50 32 50 50 34 50 50 50 50 50 50 37 50 50 44 50 50 50 16 50 46 50 50 50 50 50 50 50 50 50 50 50 50 24 14 50 50 10 50 50 50 31 50 48 50 50 50 47 50 50 50 22 50 47 50 50 36 50 50 47 50 50 50 50 50 42 50 50 50 39 50 50 50 50 50 47 50 50 47 50 50 50 37 50 50 50 50 50 50 50 50 50 50 50 50 50 50 50 50 50 24 50 42 50 50 50 50 50 38 50 28 50 44 50 50 43 50 50]
  [31 50 50 50 50 50 50 50 50 50 50 50 50 19 50 43 50 12 50 38 50 50 50 50 50 32 23 50 0 50 50 50 50 50 50 50 50 50 50 50 15 50 27 50 50 9 50 50 44 50 50 50 50 50 50 50 50 50 50 50 50 50 50 50 47 50 50 50 50 50 50 18 50 50 39 50 50 50 42 50 36 50 15 50 25 50 50 50 50 10 50 50 50 33 40 12 50 50 50 45 50 50 50 50 50 50 37 50 50 50 50 38 15 37 50 50 46 50 50 50 50 50 50 25 50 9 29 50 50 34 50 25 50 50 50 50 48 50 50 50 50 50 50 50 50 50 50 50 50 50]
  [50 50 50 50 50 50 50 50 50 50 50 50 27 50 50 50 50 50 50 50 50 50 50 50 50 43 50 50 50 0 50 50 50 50 50 50 50 50 50 50 42 50 35 50 50 50 50 50 50 50 50 50 50 50 50 50 50 50 50 50 50 50 50 50 50 50 50 50 50 50 50 50 50 50 50 50 50 50 47 50 26 50 50 50 33 50 48 50 50 50 50 50 50 50 32 50 50 50 50 19 50 50 50 50 50 50 25 50 50 50 50 29 50 50 50 50 50 50 50 50 50 50 50 50 50 50 50 27 50 50 50 50 50 50 50 50 50 50 50 23 50 50 50 50 50 50 50 50 50 50]
  [50 50 44 50 50 50 38 50 32 50 50 50 50 50 50 50 50 50 50 50 50 50 41 50 50 50 50 24 50 50 0 50 50 47 50 50 50 50 50 50 50 50 50 50 50 50 37 50 50 46 31 50 50 50 50 50 50 50 50 50 50 50 50 50 50 24 31 50 43 24 50 50 50 30 50 50 50 50 50 44 50 50 50 39 50 50 50 50 49 50 50 50 37 50 50 50 50 50 50 50 50 43 50 50 50 50 50 50 50 50 37 50 50 50 21 50 50 50 50 50 50 50 50 50 50 50 50 50 50 50 50 50 31 50 50 50 50 50 50 50 38 50 9 50 24 50 50 50 50 50]
  [50 50 50 43 50 50 50 50 50 50 32 50 50 50 50 50 49 50 39 50 15 37 50 50 50 50 50 50 50 50 50 0 50 50 50 50 50 50 50 50 50 50 50 50 50 50 50 2 50 50 50 50 50 30 46 50 50 31 50 50 50 13 31 50 50 50 50 50 50 50 25 50 50 50 50 50 50 30 50 50 50 50 50 50 50 50 50 50 50 50 49 50 50 50 50 50 50 50 50 50 50 50 50 50 50 50 50 50 50 50 50 50 50 50 50 50 50 50 50 50 50 50 29 50 50 50 50 50 15 50 34 50 50 46 50 50 50 50 21 50 50 50 50 50 50 47 50 50 50 50]
  [50 50 50 50 50 50 50 50 50 50 36 50 50 50 50 33 41 50 38 50 50 50 50 50 50 50 50 50 50 50 50 50 0 50 50 22 50 50 26 50 50 21 50 50 50 50 50 50 50 50 50 50 50 50 30 50 50 50 50 26 41 50 41 12 42 50 50 23 50 50 50 50 50 50 45 50 50 50 50 50 50 50 50 50 50 50 50 50 50 50 50 50 50 50 50 50 50 50 50 50 50 50 50 24 50 50 50 50 50 50 50 50 50 46 50 50 50 50 50 36 24 50 50 50 50 50 50 50 50 42 42 50 50 50 50 18 38 50 45 50 50 28 50 50 50 50 44 50 50 50]
  [50 50 50 50 45 37 50 50 50 28 50 50 50 50 48 50 50 50 50 50 50 50 50 50 45 50 50 32 50 50 47 50 50 0 48 50 17 49 50 50 50 50 50 50 50 50 39 50 50 50 17 44 50 50 50 50 37 50 50 50 50 50 50 50 50 50 43 50 50 25 50 50 50 27 50 28 50 50 50 34 50 50 50 48 50 16 50 50 5 50 50 50 50 50 50 50 50 50 45 50 50 21 50 50 50 50 50 50 50 50 50 50 50 50 46 35 50 50 50 50 50 34 50 50 50 50 50 50 50 50 50 50 18 50 44 50 50 23 50 50 25 50 50 50 50 50 50 40 50 36]
  [50 50 50 50 44 50 50 13 50 26 50 50 50 50 49 50 50 50 50 50 50 50 50 50 22 50 50 50 50 50 50 50 50 48 0 50 31 50 50 50 50 50 50 50 50 50 50 50 50 50 50 11 50 50 50 45 50 50 50 50 50 50 50 50 50 50 50 50 50 50 50 50 50 50 50 26 8 50 50 50 50 50 50 47 50 50 50 50 50 50 50 49 50 50 50 50 50 50 50 50 50 50 50 50 36 50 50 19 50 50 50 50 50 50 50 21 50 50 50 50 50 44 50 50 50 50 50 50 50 50 50 50 50 50 12 50 50 39 50 50 50 50 50 50 50 50 50 9 50 50]
  [34 27 50 50 50 50 50 50 50 50 50 50 50 50 50 21 50 50 50 45 50 50 50 50 50 50 50 50 50 50 50 50 22 50 50 0 50 50 46 50 50 3 50 50 39 50 50 50 50 50 50 50 50 50 50 50 50 50 50 46 50 50 50 16 21 50 50 43 50 50 50 46 29 50 45 50 50 50 50 50 50 50 50 50 50 50 50 50 50 50 50 50 50 50 50 50 50 50 50 50 50 50 38 27 50 50 50 50 50 50 50 50 50 28 50 50 50 38 50 42 38 50 50 50 35 50 50 50 50 38 50 50 50 50 50 24 18 50 50 50 50 8 50 50 50 50 28 50 50 50]
  [50 50 50 50 38 37 50 42 50 15 50 50 50 50 42 50 50 50 50 50 50 50 50 50 31 50 50 34 50 50 50 50 50 17 31 50 0 50 50 50 50 50 50 50 50 50 50 50 50 50 25 27 50 50 50 50 50 50 50 50 50 50 50 50 50 50 40 50 50 31 50 50 50 42 50 14 38 50 50 50 50 50 50 42 50 30 50 50 21 50 50 50 50 50 50 50 50 50 43 50 50 38 50 50 50 50 50 39 45 50 50 50 50 50 50 20 50 50 50 50 50 29 50 50 50 50 50 50 50 50 50 50 31 50 28 50 50 18 50 50 42 50 50 50 50 50 50 23 50 50]
  [50 50 50 50 50 50 50 50 50 50 50 50 50 50 50 50 50 50 50 50 50 50 50 50 50 50 50 50 50 50 50 50 50 49 50 50 50 0 50 50 50 50 50 50 50 50 27 50 50 50 50 50 50 50 50 50 13 50 50 50 50 50 50 50 50 50 50 50 50 50 50 50 50 37 50 50 50 50 50 21 50 50 50 50 50 39 50 50 45 50 50 50 50 50 50 50 46 50 50 50 50 30 50 50 50 50 50 50 50 50 50 50 50 50 45 50 50 50 50 50 50 50 50 50 50 50 50 50 50 50 50 50 44 50 50 50 50 50 50 50 30 50 50 50 50 50 50 50 18 22]
  [50 50 48 39 50 50 50 50 50 50 22 50 50 50 50 46 15 50 41 50 50 50 50 50 50 50 50 50 50 50 50 50 26 50 50 46 50 50 0 50 50 45 50 50 50 50 50 50 50 50 50 50 50 50 6 50 50 30 35 1 15 46 38 38 50 50 50 4 45 50 40 50 50 50 41 50 50 50 50 50 50 50 50 50 50 50 50 50 50 50 50 50 47 48 50 50 50 50 50 50 50 50 50 28 50 50 50 50 50 50 50 50 50 50 50 50 47 50 50 29 42 50 50 50 50 50 50 50 50 44 20 50 50 50 50 25 50 50 35 50 50 48 50 50 50 50 50 50 50 50]
  [50 50 50 50 50 50 41 50 50 50 50 50 50 50 50 50 50 50 50 50 50 50 50 18 46 50 50 50 50 50 50 50 50 50 50 50 50 50 50 0 50 50 50 17 50 50 50 50 50 33 50 50 13 50 50 29 50 50 50 50 50 50 50 50 50 40 40 50 50 50 50 50 50 50 50 50 50 50 40 50 50 25 50 33 50 50 14 50 50 50 50 17 50 50 50 50 50 12 50 50 50 50 50 50 37 50 50 47 50 50 46 50 50 50 50 50 50 50 31 50 50 50 50 50 50 50 50 50 50 50 50 50 50 50 50 50 50 50 50 50 50 50 50 32 50 50 50 50 50 50]
  [45 50 50 50 50 50 50 50 50 50 50 50 50 22 50 50 50 14 50 50 50 50 50 50 50 25 34 50 15 42 50 50 50 50 50 50 50 50 50 50 0 50 15 50 50 21 50 50 46 50 50 50 50 50 50 50 50 50 50 50 50 50 50 50 50 50 50 50 50 50 50 33 50 50 50 50 50 50 36 50 23 50 23 50 12 50 50 50 50 23 50 50 50 43 28 25 50 50 50 31 50 50 50 50 50 50 23 50 50 50 50 25 17 50 50 50 50 50 45 50 50 50 50 36 50 19 38 50 50 48 50 35 50 50 50 50 50 50 50 50 50 50 50 50 50 50 50 50 50 50]
  [37 29 50 50 50 50 50 50 50 50 50 50 50 50 50 24 50 50 50 47 50 50 50 50 50 50 50 50 50 50 50 50 21 50 50 3 50 50 45 50 50 0 50 50 41 50 50 50 50 50 50 50 50 50 50 50 50 50 50 45 50 50 50 14 23 50 50 43 50 50 50 49 30 50 47 50 50 50 50 50 50 50 50 50 50 50 50 50 50 50 50 50 50 50 50 50 50 50 50 50 50 50 38 29 50 50 50 50 50 50 50 50 50 31 50 50 50 37 50 44 36 50 50 50 37 50 50 50 50 40 50 50 50 50 50 25 20 50 50 50 50 11 50 50 50 50 27 50 50 50]
  [50 50 50 50 50 50 48 50 50 50 50 50 50 20 50 50 50 17 50 50 50 50 48 50 50 36 48 50 27 35 50 50 50 50 50 50 50 50 50 50 15 50 0 50 50 29 50 50 39 41 50 50 50 50 50 50 50 50 50 50 50 50 50 50 50 50 50 50 50 50 50 40 50 50 50 50 50 50 22 50 27 50 26 50 5 50 44 50 50 37 50 50 50 44 35 38 50 50 50 32 50 50 50 50 50 50 26 50 50 50 49 31 33 50 50 50 49 50 31 50 50 50 50 50 50 33 38 50 50 50 50 50 50 50 50 50 50 50 50 50 50 50 50 50 50 50 50 50 50 50]
  [50 50 50 50 50 50 39 48 50 41 50 50 50 50 50 50 50 50 50 50 50 50 50 28 30 50 50 37 50 50 50 50 50 50 50 50 50 50 50 17 50 50 50 0 50 50 50 50 50 35 50 50 17 50 50 28 50 50 50 50 50 50 50 50 50 30 23 50 50 47 50 50 50 50 50 50 50 50 49 50 50 40 50 16 50 50 29 50 50 50 50 12 50 50 50 50 50 9 50 50 50 50 50 50 32 50 50 35 50 50 44 50 50 50 50 50 50 50 39 50 50 50 50 50 50 50 50 50 50 50 50 50 50 50 40 50 50 50 50 50 50 50 49 45 50 50 50 47 50 50]
  [35 14 50 50 50 50 50 50 50 50 50 50 50 50 50 42 50 50 50 24 50 50 50 50 50 50 41 50 50 50 50 50 50 50 50 39 50 50 50 50 50 41 50 50 0 50 50 50 50 50 50 50 50 50 50 50 50 50 50 50 50 50 50 50 25 50 50 50 50 50 50 50 14 50 50 50 50 50 50 50 50 50 50 50 50 50 50 50 50 50 50 50 50 50 50 49 50 50 50 50 50 50 11 50 50 50 50 50 50 50 50 50 50 31 50 50 50 23 50 50 50 50 50 38 10 50 50 50 50 50 50 40 50 50 50 50 29 50 50 50 50 35 50 50 50 50 33 50 50 50]
  [29 50 50 50 50 50 50 50 50 50 50 50 50 14 50 37 50 11 50 41 50 50 46 50 50 42 28 50 9 50 50 50 50 50 50 50 50 50 50 50 21 50 29 50 50 0 50 50 36 50 50 50 50 50 50 50 50 50 45 50 50 50 50 50 44 50 50 50 50 50 50 12 50 50 29 50 50 50 39 50 44 50 7 50 29 50 50 50 50 15 50 50 50 24 48 17 50 50 50 50 50 50 50 45 50 50 44 50 50 50 50 46 24 35 50 50 37 50 48 41 50 50 50 30 50 17 20 50 50 26 50 31 50 50 50 50 44 50 50 50 50 50 50 50 50 50 50 50 50 50]
  [50 50 45 50 50 50 50 50 50 50 50 50 50 50 50 50 50 50 50 50 50 50 50 50 50 50 50 44 50 50 37 50 50 39 50 50 50 27 50 50 50 50 50 50 50 50 0 50 50 50 35 50 50 50 50 50 17 50 50 50 50 50 50 50 50 50 50 50 47 36 50 50 50 14 50 50 50 50 50 10 50 50 50 50 50 39 50 50 37 50 50 50 44 50 50 50 49 50 50 50 50 19 50 50 50 42 50 50 50 50 50 50 50 50 18 50 50 50 50 50 50 50 50 50 50 50 50 50 50 50 50 50 25 49 50 50 50 50 50 50 14 50 45 50 50 50 50 50 30 36]
  [50 50 50 45 50 50 50 50 50 50 33 50 50 50 50 50 50 50 39 50 14 37 50 50 50 50 50 50 50 50 50 2 50 50 50 50 50 50 50 50 50 50 50 50 50 50 50 0 50 50 50 50 50 31 47 50 50 33 50 50 50 12 31 50 50 50 50 50 50 50 28 50 50 50 50 50 50 29 50 50 50 50 50 50 50 50 50 50 50 50 50 50 50 50 50 50 50 50 50 50 50 50 50 50 50 50 50 50 50 50 50 50 50 50 50 50 50 50 50 50 50 50 29 50 50 50 50 50 13 50 36 50 50 48 50 50 50 50 22 50 50 50 50 50 50 47 50 50 50 50]
  [50 50 50 50 50 50 20 50 19 50 50 50 50 25 50 50 50 33 50 50 50 50 10 50 50 50 50 50 44 50 50 50 50 50 50 50 50 50 50 50 46 50 39 50 50 36 50 50 0 23 50 50 44 50 50 50 50 50 27 50 50 50 50 50 50 40 50 50 50 50 50 40 50 50 30 50 50 50 25 50 50 50 29 50 43 50 48 50 50 50 50 50 50 25 50 50 50 50 50 50 50 50 50 50 50 50 50 50 50 50 17 50 50 50 50 50 15 50 28 37 50 50 50 50 50 50 21 50 50 38 50 50 50 50 50 50 50 50 50 50 50 50 42 50 30 50 50 50 50 50]
  [50 50 50 50 50 50 10 50 23 50 50 50 50 39 50 50 50 46 50 50 50 50 22 50 50 50 50 50 50 50 46 50 50 50 50 50 50 50 50 33 50 50 41 35 50 50 50 50 23 0 50 50 21 50 50 50 50 50 48 50 50 50 50 50 50 26 41 50 50 50 50 50 50 50 50 50 50 50 20 50 50 50 46 40 46 50 28 50 50 50 50 45 50 47 50 50 50 28 50 50 50 50 50 50 50 50 50 50 50 50 14 50 50 50 50 50 37 50 13 50 50 50 50 50 50 50 43 50 50 50 50 50 50 50 50 50 50 50 50 50 50 50 39 50 35 50 50 50 50 50]
  [50 50 50 50 50 50 50 50 50 25 50 50 50 50 50 50 50 50 50 50 50 50 50 50 40 50 50 16 50 50 31 50 50 17 50 50 25 50 50 50 50 50 50 50 50 50 35 50 50 50 0 50 50 50 50 50 41 50 50 50 50 50 50 50 50 39 28 50 50 8 50 50 50 21 50 39 50 50 50 35 50 50 50 35 50 32 50 50 21 50 50 50 50 50 50 50 50 50 50 50 50 25 50 50 50 50 50 50 50 50 50 50 50 50 35 45 50 50 50 50 50 50 50 50 50 50 50 50 50 50 50 50 11 50 43 50 50 38 50 50 25 50 38 50 50 50 50 42 50 48]
  [50 50 50 50 33 43 50 23 50 28 50 50 50 50 38 50 50 50 50 50 50 50 50 50 30 50 50 50 50 50 50 50 50 44 11 50 27 50 50 50 50 50 50 50 50 50 50 50 50 50 50 0 50 50 50 50 50 50 50 50 50 50 50 50 50 50 50 50 50 50 50 50 50 50 50 18 16 50 50 50 50 50 50 50 50 50 50 50 47 50 50 50 50 50 50 50 50 50 44 50 50 50 50 50 46 50 50 29 40 50 50 50 50 50 50 11 50 50 50 50 50 34 50 50 50 50 50 50 50 50 50 50 50 50 20 50 50 30 50 50 50 50 50 50 50 50 50 14 50 50]
  [50 50 50 50 50 50 28 50 41 50 50 50 50 50 50 50 50 50 50 50 50 50 42 31 48 50 50 46 50 50 50 50 50 50 50 50 50 50 50 13 50 50 50 17 50 50 50 50 44 21 50 50 0 50 50 39 50 50 50 50 50 50 50 50 50 29 34 50 50 50 50 50 50 50 50 50 50 50 32 50 50 36 50 29 50 50 15 50 50 50 50 24 50 50 50 50 50 8 50 50 50 50 50 50 46 50 50 50 50 50 33 50 50 50 50 50 50 50 22 50 50 50 50 50 50 50 50 50 50 50 50 50 50 50 50 50 50 50 50 50 50 50 48 44 50 50 50 50 50 50]
  [50 50 48 42 50 50 50 50 50 50 50 28 50 50 50 50 50 50 50 50 23 22 50 50 50 50 50 50 50 50 50 30 50 50 50 50 50 50 50 50 50 50 50 50 50 50 50 31 50 50 50 50 50 0 50 50 50 41 50 50 50 43 50 50 50 50 50 50 50 50 30 50 50 50 50 50 50 24 50 50 50 50 50 50 50 50 50 26 50 50 20 50 50 50 50 50 32 50 50 50 31 50 50 50 50 33 50 50 50 22 50 50 50 50 50 50 50 50 50 50 50 50 13 50 50 50 50 50 30 50 50 50 50 37 50 50 50 50 49 50 50 50 50 50 50 23 50 50 50 50]
  [50 50 45 35 50 50 50 50 50 50 16 50 50 50 50 50 13 50 38 50 50 50 50 50 50 50 50 50 50 50 50 46 30 50 50 50 50 50 6 50 50 50 50 50 50 50 50 47 50 50 50 50 50 50 0 50 50 24 39 5 14 40 34 42 50 50 50 7 43 50 35 50 50 50 46 50 50 50 50 50 50 50 50 50 50 50 50 50 50 50 50 50 45 50 50 50 50 50 50 50 50 50 50 34 50 50 50 50 50 50 50 50 50 50 50 50 50 50 50 34 42 50 50 50 50 50 50 50 50 50 14 50 50 46 50 30 50 50 30 50 50 50 50 50 50 50 50 50 50 50]
  [50 50 50 50 50 50 50 35 50 50 50 50 50 50 50 50 50 50 50 50 50 50 50 18 33 50 50 50 50 50 50 50 50 50 45 50 50 50 50 29 50 50 50 28 50 50 50 50 50 50 50 50 39 50 50 0 50 50 50 50 50 50 50 50 50 50 47 50 50 50 50 50 50 50 50 50 42 50 50 50 50 32 50 39 50 50 42 50 50 50 50 16 50 50 50 50 50 33 50 50 50 50 50 50 10 50 50 27 50 50 50 50 50 50 50 50 50 50 50 50 50 50 50 50 50 50 50 50 50 50 50 50 50 50 38 50 50 50 50 50 50 50 50 32 50 50 50 45 50 50]
  [50 50 50 50 50 50 50 50 50 50 50 50 50 50 50 50 50 50 50 50 50 50 50 50 50 50 50 50 50 50 50 50 50 37 50 50 50 13 50 50 50 50 50 50 50 50 17 50 50 50 41 50 50 50 50 50 0 50 50 50 50 50 50 50 50 50 50 50 50 45 50 50 50 24 50 50 50 50 50 8 50 50 50 50 50 30 50 50 34 50 50 50 50 50 50 50 50 50 50 50 50 17 50 50 50 50 50 50 50 50 50 50 50 50 35 50 50 50 50 50 50 50 50 50 50 50 50 50 50 50 50 50 31 50 50 50 50 50 50 50 17 50 50 50 50 50 50 50 26 20]
  [50 50 28 16 50 50 50 50 50 50 23 50 50 50 50 50 20 50 47 50 43 50 50 50 50 50 50 50 50 50 50 31 50 50 50 50 50 50 30 50 50 50 50 50 50 50 50 33 50 50 50 50 50 41 24 50 50 0 50 29 22 33 40 50 50 50 50 31 27 50 11 50 50 50 50 50 50 50 50 50 50 50 50 50 50 50 50 50 50 50 50 50 33 50 50 50 50 50 50 50 50 50 50 50 50 40 50 50 50 49 50 50 50 50 50 50 50 50 50 50 50 50 50 50 50 50 50 50 45 50 11 50 50 25 50 50 50 50 28 50 50 50 50 50 50 50 50 50 50 50]
  [50 50 50 49 50 50 41 50 30 50 50 50 50 42 50 43 32 49 50 50 50 50 27 50 50 50 50 50 50 50 50 50 50 50 50 50 50 50 35 50 50 50 50 50 50 45 50 50 27 48 50 50 50 50 39 50 50 50 0 36 30 50 50 50 50 50 50 38 46 50 50 41 50 50 19 50 50 50 50 50 50 50 40 50 50 50 50 50 50 50 50 50 44 22 50 50 50 50 50 50 50 50 50 30 50 50 50 50 50 50 36 50 50 50 50 50 12 50 50 15 50 50 50 50 50 50 25 50 50 29 47 50 50 50 50 34 50 50 50 50 50 50 46 50 30 50 50 50 50 50]
  [50 50 49 39 50 50 50 50 50 50 21 50 50 50 50 46 15 50 40 50 50 50 50 50 50 50 50 50 50 50 50 50 26 50 50 46 50 50 1 50 50 45 50 50 50 50 50 50 50 50 50 50 50 50 5 50 50 29 36 0 15 45 37 38 50 50 50 3 46 50 40 50 50 50 42 50 50 50 50 50 50 50 50 50 50 50 50 50 50 50 50 50 48 49 50 50 50 50 50 50 50 50 50 29 50 50 50 50 50 50 50 50 50 50 50 50 48 50 50 30 41 50 50 50 50 50 50 50 50 45 19 50 50 50 50 25 50 50 34 50 50 49 50 50 50 50 50 50 50 50]
  [50 50 34 26 50 50 50 50 50 50 27 50 50 50 50 50 2 50 50 50 50 50 50 50 50 50 50 50 50 50 50 50 41 50 50 50 50 50 15 50 50 50 50 50 50 50 50 50 50 50 50 50 50 50 14 50 50 22 30 15 0 48 46 50 50 50 50 19 31 50 33 50 50 50 43 50 50 50 50 50 50 50 50 50 50 50 50 50 50 50 50 50 33 49 50 50 50 50 50 50 50 50 50 37 50 50 50 50 50 50 50 50 50 50 50 50 43 50 50 31 50 50 50 50 50 50 50 50 50 49 17 50 50 37 50 36 50 50 39 50 50 50 50 50 46 50 50 50 50 50]
  [50 50 50 47 50 50 50 50 50 50 24 50 50 50 50 50 46 50 27 50 25 49 50 50 50 50 50 50 50 50 50 13 50 50 50 50 50 50 46 50 50 50 50 50 50 50 50 12 50 50 50 50 50 43 40 50 50 33 50 45 48 0 19 50 50 50 50 44 50 50 31 50 50 50 50 50 50 40 50 50 50 50 50 50 50 50 50 50 50 50 50 50 50 50 50 50 50 50 50 50 50 50 50 50 50 50 50 50 50 50 50 50 50 50 50 50 50 50 50 50 48 50 41 50 50 50 50 50 23 50 32 50 50 50 50 50 50 50 11 50 50 50 50 50 50 50 50 50 50 50]
  [50 50 50 50 50 50 50 50 50 50 19 50 50 50 50 50 45 50 8 50 44 50 50 50 50 50 50 50 50 50 50 31 41 50 50 50 50 50 38 50 50 50 50 50 50 50 50 31 50 50 50 50 50 50 34 50 50 40 50 37 46 19 0 46 50 50 50 35 50 50 43 50 50 50 50 50 50 50 50 50 50 50 50 50 50 50 50 50 50 50 50 50 50 50 50 50 50 50 50 50 50 50 50 50 50 50 50 50 50 50 50 50 50 50 50 50 50 50 50 50 29 50 50 50 50 50 50 50 41 50 33 50 50 50 50 50 50 50 12 50 50 50 50 50 50 50 50 50 50 50]
  [49 43 50 50 50 50 50 50 50 50 46 50 50 50 50 34 50 50 42 50 50 50 50 50 50 50 50 50 50 50 50 50 12 50 50 16 50 50 38 50 50 14 50 50 50 50 50 50 50 50 50 50 50 50 42 50 50 50 50 38 50 50 46 0 37 50 50 35 50 50 50 50 42 50 50 50 50 50 50 50 50 50 50 50 50 50 50 50 50 50 50 50 50 50 50 50 50 50 50 50 50 50 50 32 50 50 50 50 50 50 50 50 50 44 50 50 50 46 50 45 22 50 50 50 50 50 50 50 50 47 50 50 50 50 50 26 34 50 50 50 50 24 50 50 50 50 33 50 50 50]
  [16 12 50 50 50 50 50 50 50 50 50 50 50 50 50 17 50 50 50 24 50 50 50 50 50 50 35 50 47 50 50 50 42 50 50 21 50 50 50 50 50 23 50 50 25 44 50 50 50 50 50 50 50 50 50 50 50 50 50 50 50 50 50 37 0 50 50 50 50 50 50 34 24 50 43 50 50 50 50 50 50 50 49 50 50 50 50 50 50 38 50 50 50 46 50 38 50 50 50 50 50 50 30 34 50 50 50 50 50 50 50 50 50 10 50 50 50 37 50 46 50 50 50 33 18 44 49 50 50 33 50 35 50 50 50 35 4 50 50 50 50 13 50 50 50 50 35 50 50 50]
  [50 50 50 50 50 50 21 50 25 47 50 50 50 50 50 50 50 50 50 50 50 50 32 50 47 50 50 24 50 50 24 50 50 50 50 50 50 50 50 40 50 50 50 30 50 50 50 50 40 26 39 50 29 50 50 50 50 50 50 50 50 50 50 50 50 0 19 50 50 32 50 50 50 49 50 50 50 50 45 50 50 50 50 23 50 50 43 50 50 50 50 42 50 50 50 50 50 29 50 50 50 50 50 50 50 50 50 50 50 50 23 50 50 50 45 50 48 50 38 50 50 50 50 50 50 50 50 50 50 50 50 50 46 50 50 50 50 50 50 50 50 50 20 50 28 50 50 50 50 50]
  [50 50 50 50 50 50 38 50 44 28 50 50 50 50 50 50 50 50 50 50 50 50 50 50 29 50 50 14 50 50 31 50 50 43 50 50 40 50 50 40 50 50 50 23 50 50 50 50 50 41 28 50 34 50 50 47 50 50 50 50 50 50 50 50 50 19 0 50 50 23 50 50 50 45 50 50 50 50 50 50 50 50 50 8 50 50 48 50 48 50 50 34 50 50 50 50 50 28 50 50 50 50 50 50 47 50 50 39 50 50 42 50 50 50 49 50 50 50 50 50 50 50 50 50 50 50 50 50 50 50 50 50 38 50 38 50 50 50 50 50 50 50 32 50 45 50 50 42 50 50]
  [50 50 50 42 50 50 50 50 50 50 20 50 50 50 50 45 18 50 37 50 50 50 50 50 50 50 50 50 50 50 50 50 23 50 50 43 50 50 4 50 50 43 50 50 50 50 50 50 50 50 50 50 50 50 7 50 50 31 38 3 19 44 35 35 50 50 50 0 49 50 42 50 50 50 43 50 50 50 50 50 50 50 50 50 50 50 50 50 50 50 50 50 50 50 50 50 50 50 50 50 50 50 50 28 50 50 50 50 50 50 50 50 50 50 50 50 50 50 50 31 37 50 50 50 50 50 50 50 50 45 21 50 50 50 50 24 50 50 33 50 50 47 50 50 50 50 50 50 50 50]
  [50 50 4 12 50 50 50 50 50 50 48 50 50 50 50 50 30 50 50 50 50 50 50 50 50 50 50 50 50 50 43 50 50 50 50 50 50 50 45 50 50 50 50 50 50 50 47 50 50 50 50 50 50 50 43 50 50 27 46 46 31 50 50 50 50 50 50 49 0 50 29 50 50 50 50 50 50 50 50 50 50 50 50 50 50 50 50 50 50 50 47 50 6 50 50 50 48 50 50 50 50 50 50 50 50 28 50 50 50 46 50 50 50 50 35 50 50 50 50 50 50 50 50 50 50 50 50 50 50 50 35 50 50 13 50 50 50 50 50 50 50 50 43 50 40 50 50 50 50 50]
  [50 50 50 50 50 50 50 50 50 29 50 50 50 50 50 50 50 50 50 50 50 50 50 50 40 50 50 10 50 50 24 50 50 25 50 50 31 50 50 50 50 50 50 47 50 50 36 50 50 50 8 50 50 50 50 50 45 50 50 50 50 50 50 50 50 32 23 50 50 0 50 50 50 22 50 46 50 50 50 37 50 50 50 31 50 39 50 50 28 50 50 50 50 50 50 50 50 50 50 50 50 30 50 50 50 50 50 50 50 50 50 50 50 50 31 50 50 50 50 50 50 50 50 50 50 50 50 50 50 50 50 50 15 50 46 50 50 46 50 50 28 50 31 50 47 50 50 46 50 50]
  [50 50 29 17 50 50 50 50 50 50 30 50 50 50 50 50 31 50 50 50 34 49 50 50 50 50 50 50 50 50 50 25 50 50 50 50 50 50 40 50 50 50 50 50 50 50 50 28 50 50 50 50 50 30 35 50 50 11 50 40 33 31 43 50 50 50 50 42 29 50 0 50 50 50 50 50 50 46 50 50 50 50 50 50 50 50 50 50 50 50 40 50 35 50 50 50 47 50 50 50 50 50 50 50 50 33 50 50 50 40 50 50 50 50 50 50 50 50 50 50 50 50 39 50 50 50 50 50 38 50 21 50 50 21 50 50 50 50 31 50 50 50 50 50 50 50 50 50 50 50]
  [19 43 50 50 50 50 50 50 50 50 50 50 50 24 50 25 50 23 50 35 50 50 49 50 50 50 27 50 18 50 50 50 50 50 50 46 50 50 50 50 33 49 40 50 50 12 50 50 40 50 50 50 50 50 50 50 50 50 41 50 50 50 50 50 34 50 50 50 50 50 50 0 50 50 23 50 50 50 48 50 50 50 16 50 41 50 50 50 50 17 50 50 50 20 50 18 50 50 50 50 50 50 50 34 50 50 50 50 50 50 50 50 31 24 50 50 37 50 50 34 50 50 50 28 44 22 20 50 50 17 50 30 50 50 50 40 33 50 50 50 50 39 50 50 50 50 50 50 50 50]
  [38 14 50 50 50 50 50 50 50 50 50 50 50 50 50 39 50 50 50 34 50 50 50 50 50 50 50 50 50 50 50 50 50 50 50 29 50 50 50 50 50 30 50 50 14 50 50 50 50 50 50 50 50 50 50 50 50 50 50 50 50 50 50 42 24 50 50 50 50 50 50 50 0 50 50 50 50 50 50 50 50 50 50 50 50 50 50 50 50 50 50 50 50 50 50 50 50 50 50 50 50 50 8 50 50 50 50 50 50 50 50 50 50 32 50 50 50 13 50 50 50 50 50 47 18 50 50 50 50 50 50 49 50 50 50 50 26 50 50 50 50 28 50 50 50 50 19 50 50 50]
  [50 50 50 50 50 50 50 50 50 46 50 50 50 50 50 50 50 50 50 50 50 50 50 50 50 50 50 31 50 50 30 50 50 27 50 50 42 37 50 50 50 50 50 50 50 50 14 50 50 50 21 50 50 50 50 50 24 50 50 50 50 50 50 50 50 49 45 50 50 22 50 50 50 0 50 50 50 50 50 16 50 50 50 50 50 32 50 50 26 50 50 50 50 50 50 50 50 50 50 50 50 13 50 50 50 50 50 50 50 50 50 50 50 50 20 50 50 50 50 50 50 50 50 50 50 50 50 50 50 50 50 50 11 50 50 50 50 49 50 50 8 50 39 50 50 50 50 50 44 37]
  [35 50 50 50 50 50 49 50 42 50 50 50 50 32 50 27 45 37 50 50 50 50 36 50 50 50 50 50 39 50 50 50 45 50 50 45 50 50 41 50 50 47 50 50 50 29 50 50 30 50 50 50 50 50 46 50 50 50 19 42 43 50 50 50 43 50 50 43 50 50 50 23 50 50 0 50 50 50 50 50 50 50 27 50 50 50 50 50 50 40 50 50 50 8 50 41 50 50 50 50 50 50 50 21 50 50 50 50 50 50 45 50 50 37 50 50 19 50 50 12 50 50 50 50 50 45 14 50 50 10 50 50 50 50 50 27 40 50 50 50 50 41 50 50 46 50 50 50 50 50]
  [50 50 50 50 25 29 50 39 50 24 50 50 50 50 30 50 50 50 50 50 50 50 50 50 36 50 50 48 50 50 50 50 50 28 26 50 14 50 50 50 50 50 50 50 50 50 50 50 50 50 39 18 50 50 50 50 50 50 50 50 50 50 50 50 50 50 50 50 50 46 50 50 50 50 50 0 33 50 50 50 50 50 50 50 50 35 50 50 31 50 50 50 50 50 50 50 50 50 33 50 50 49 50 50 50 50 50 40 33 50 50 50 50 50 50 7 50 50 50 50 50 20 50 50 50 50 50 50 50 50 50 50 45 50 29 50 50 13 50 50 50 50 50 50 50 50 50 22 50 50]
  [50 50 50 50 49 50 50 8 50 33 50 50 50 50 50 50 50 50 50 50 50 50 50 50 26 50 50 50 50 50 50 50 50 50 8 50 38 50 50 50 50 50 50 50 50 50 50 50 50 50 50 16 50 50 50 42 50 50 50 50 50 50 50 50 50 50 50 50 50 50 50 50 50 50 50 33 0 50 50 50 50 50 50 50 50 50 50 50 50 50 50 49 50 50 50 50 50 50 50 50 50 50 50 50 32 50 50 19 50 50 50 50 50 50 50 27 50 50 50 50 50 50 50 50 50 50 50 50 50 50 50 50 50 50 17 50 50 46 50 50 50 50 50 50 50 50 50 16 50 50]
  [50 50 50 50 50 50 50 50 50 50 50 43 50 50 50 50 50 50 50 50 15 10 50 50 50 50 50 50 50 50 50 30 50 50 50 50 50 50 50 50 50 50 50 50 50 50 50 29 50 50 50 50 50 24 50 50 50 50 50 50 50 40 50 50 50 50 50 50 50 50 46 50 50 50 50 50 50 0 50 50 50 50 50 50 50 50 50 26 50 50 42 50 50 50 50 50 50 50 50 50 50 50 50 50 50 50 50 50 50 45 50 50 50 50 50 50 50 50 50 50 50 50 11 50 50 50 50 50 18 50 50 50 50 50 50 50 50 50 50 50 50 50 50 50 50 23 50 50 50 50]
  [50 50 50 50 50 50 27 50 36 50 50 50 50 25 50 50 50 29 50 50 50 50 31 50 50 50 50 50 42 47 50 50 50 50 50 50 50 50 50 40 36 50 22 49 50 39 50 50 25 20 50 50 32 50 50 50 50 50 50 50 50 50 50 50 50 45 50 50 50 50 50 48 50 50 50 50 50 50 0 50 48 50 33 50 27 50 28 50 50 50 50 50 50 42 50 50 50 40 50 50 50 50 50 50 50 50 47 50 50 50 29 50 50 50 50 50 39 50 10 50 50 50 50 50 50 50 36 50 50 50 50 50 50 50 50 50 50 50 50 50 50 50 50 50 49 50 50 50 50 50]
  [50 50 50 50 50 50 50 50 50 50 50 50 50 50 50 50 50 50 50 50 50 50 50 50 50 50 50 47 50 50 44 50 50 34 50 50 50 21 50 50 50 50 50 50 50 50 10 50 50 50 35 50 50 50 50 50 8 50 50 50 50 50 50 50 50 50 50 50 50 37 50 50 50 16 50 50 50 50 50 0 50 50 50 50 50 30 50 50 31 50 50 50 50 50 50 50 50 50 50 50 50 13 50 50 50 49 50 50 50 50 50 50 50 50 27 50 50 50 50 50 50 50 50 50 50 50 50 50 50 50 50 50 24 50 50 50 50 50 50 50 10 50 50 50 50 50 50 50 30 26]
  [50 50 50 50 50 50 50 50 50 50 50 50 50 43 50 50 50 36 50 50 50 50 50 50 50 17 48 50 36 26 50 50 50 50 50 50 50 50 50 50 23 50 27 50 50 44 50 50 50 50 50 50 50 50 50 50 50 50 50 50 50 50 50 50 50 50 50 50 50 50 50 50 50 50 50 50 50 50 48 50 0 50 46 50 22 50 50 50 50 42 50 50 50 50 9 43 50 50 50 9 50 50 50 50 50 50 2 50 50 50 50 5 29 50 50 50 50 50 50 50 50 50 50 50 50 36 50 50 50 50 50 48 50 50 50 50 50 50 50 48 50 50 50 50 50 50 50 50 50 50]
  [50 50 50 50 50 50 50 50 50 50 50 50 31 50 50 50 50 50 50 50 50 50 50 15 50 50 50 50 50 50 50 50 50 50 50 50 50 50 50 25 50 50 50 40 50 50 50 50 50 50 50 50 36 50 50 32 50 50 50 50 50 50 50 50 50 50 50 50 50 50 50 50 50 50 50 50 50 50 50 50 50 0 50 50 50 50 26 50 50 50 50 32 50 50 50 50 50 37 50 50 50 50 50 50 42 50 50 50 50 50 50 50 50 50 50 50 50 50 47 50 50 50 50 50 50 50 50 48 50 50 50 50 50 50 50 50 50 50 50 44 50 50 50 9 50 50 50 50 50 50]
  [34 50 50 50 50 50 47 50 48 50 50 50 50 8 50 40 50 10 50 47 50 50 39 50 50 46 35 50 15 50 50 50 50 50 50 50 50 50 50 50 23 50 26 50 50 7 50 50 29 46 50 50 50 50 50 50 50 50 40 50 50 50 50 50 49 50 50 50 50 50 50 16 50 50 27 50 50 50 33 50 46 50 0 50 28 50 50 50 50 22 50 50 50 20 50 24 50 50 50 50 50 50 50 45 50 50 46 50 50 50 45 49 30 40 50 50 32 50 42 39 50 50 50 37 50 24 15 50 50 26 50 38 50 50 50 50 49 50 50 50 50 50 50 50 50 50 50 50 50 50]
  [50 50 50 50 50 50 40 47 47 29 50 50 50 50 50 50 50 50 50 50 50 50 50 43 25 50 50 22 50 50 39 50 50 48 47 50 42 50 50 33 50 50 50 16 50 50 50 50 50 40 35 50 29 50 50 39 50 50 50 50 50 50 50 50 50 23 8 50 50 31 50 50 50 50 50 50 50 50 50 50 50 50 50 0 50 50 43 50 50 50 50 26 50 50 50 50 50 22 50 50 50 50 50 50 39 50 50 34 50 50 44 50 50 50 50 50 50 50 48 50 50 50 50 50 50 50 50 50 50 50 50 50 45 50 34 50 50 50 50 50 50 50 39 50 50 50 50 39 50 50]
  [50 50 50 50 50 50 50 50 50 50 50 50 50 23 50 50 50 18 50 50 50 50 50 50 50 32 46 50 25 33 50 50 50 50 50 50 50 50 50 50 12 50 5 50 50 29 50 50 43 46 50 50 50 50 50 50 50 50 50 50 50 50 50 50 50 50 50 50 50 50 50 41 50 50 50 50 50 50 27 50 22 50 28 50 0 50 47 50 50 35 50 50 50 47 30 36 50 50 50 28 50 50 50 50 50 50 22 50 50 50 50 27 29 50 50 50 50 50 36 50 50 50 50 48 50 31 41 50 50 50 50 47 50 50 50 50 50 50 50 50 50 50 50 50 50 50 50 50 50 50]
  [50 50 50 50 43 30 50 50 50 43 50 50 50 50 44 50 50 50 50 50 50 50 50 50 50 50 50 47 50 50 50 50 50 16 50 50 30 39 50 50 50 50 50 50 50 50 39 50 50 50 32 50 50 50 50 50 30 50 50 50 50 50 50 50 50 50 50 50 50 39 50 50 50 32 50 35 50 50 50 30 50 50 50 50 50 0 50 50 12 50 50 50 50 50 50 50 50 50 39 50 50 20 50 50 50 50 50 50 48 50 50 50 50 50 50 42 50 50 50 50 50 31 50 50 50 50 50 50 50 50 50 50 27 50 50 50 50 24 50 50 26 50 50 50 50 50 50 50 50 21]
  [50 50 50 50 50 50 37 50 50 50 50 50 43 50 50 50 50 50 50 50 50 50 49 27 50 50 50 50 50 48 50 50 50 50 50 50 50 50 50 14 50 50 44 29 50 50 50 50 48 28 50 50 15 50 50 42 50 50 50 50 50 50 50 50 50 43 48 50 50 50 50 50 50 50 50 50 50 50 28 50 50 26 50 43 47 50 0 50 50 50 50 31 50 50 50 50 50 21 50 50 50 50 50 50 50 50 50 50 50 50 42 50 50 50 50 50 50 50 21 50 50 50 50 50 50 50 50 50 50 50 50 50 50 50 50 50 50 50 50 50 50 50 50 35 50 50 50 50 50 50]
  [50 50 50 50 50 50 50 50 50 50 50 22 50 50 50 50 50 50 50 50 38 16 50 50 50 50 50 50 50 50 50 50 50 50 50 50 50 50 50 50 50 50 50 50 50 50 50 50 50 50 50 50 50 26 50 50 50 50 50 50 50 50 50 50 50 50 50 50 50 50 50 50 50 50 50 50 50 26 50 50 50 50 50 50 50 50 50 0 50 50 31 50 50 50 50 50 39 50 50 50 32 50 50 50 50 50 50 50 50 33 50 50 50 50 50 50 50 50 50 50 50 50 21 50 50 50 50 50 43 50 50 50 50 50 50 50 50 50 50 50 50 50 50 50 50 3 50 50 50 50]
  [50 50 50 50 45 36 50 50 50 33 50 50 50 50 47 50 50 50 50 50 50 50 50 50 49 50 50 36 50 50 49 50 50 5 50 50 21 45 50 50 50 50 50 50 50 50 37 50 50 50 21 47 50 50 50 50 34 50 50 50 50 50 50 50 50 50 48 50 50 28 50 50 50 26 50 31 50 50 50 31 50 50 50 50 50 12 50 50 0 50 50 50 50 50 50 50 50 50 44 50 50 18 50 50 50 50 50 50 50 50 50 50 50 50 45 38 50 50 50 50 50 33 50 50 50 50 50 50 50 50 50 50 19 50 48 50 50 24 50 50 23 50 50 50 50 50 50 44 50 31]
  [22 44 50 50 50 50 50 50 50 50 50 50 50 28 50 37 50 22 50 28 50 50 50 50 50 34 13 50 10 50 50 50 50 50 50 50 50 50 50 50 23 50 37 50 50 15 50 50 50 50 50 50 50 50 50 50 50 50 50 50 50 50 50 50 38 50 50 50 50 50 50 17 50 50 40 50 50 50 50 50 42 50 22 50 35 50 50 50 50 0 50 50 50 36 44 2 50 50 50 50 50 50 50 50 50 50 43 50 50 50 50 43 15 29 50 50 50 50 50 50 50 50 50 15 42 6 34 50 50 33 50 16 50 50 50 50 40 50 50 50 50 48 50 50 50 50 50 50 50 50]
  [50 50 44 44 50 50 50 50 50 50 50 16 50 50 50 50 50 50 50 50 44 37 50 50 50 50 50 50 50 50 50 49 50 50 50 50 50 50 50 50 50 50 50 50 50 50 50 50 50 50 50 50 50 20 50 50 50 50 50 50 50 50 50 50 50 50 50 50 47 50 40 50 50 50 50 50 50 42 50 50 50 50 50 50 50 50 50 31 50 50 0 50 50 50 50 50 12 50 50 50 12 50 50 50 50 21 50 50 50 3 50 50 50 50 50 50 50 50 50 50 50 50 31 50 50 50 50 50 50 50 50 50 50 35 50 50 50 50 50 50 50 50 50 50 50 30 50 50 39 50]
  [50 50 50 50 50 50 50 42 50 45 50 50 50 50 50 50 50 50 50 50 50 50 50 18 30 50 50 47 50 50 50 50 50 50 49 50 50 50 50 17 50 50 50 12 50 50 50 50 50 45 50 50 24 50 50 16 50 50 50 50 50 50 50 50 50 42 34 50 50 50 50 50 50 50 50 50 49 50 50 50 50 32 50 26 50 50 31 50 50 50 50 0 50 50 50 50 50 17 50 50 50 50 50 50 22 50 50 30 50 50 50 50 50 50 50 50 50 50 46 50 50 50 50 50 50 50 50 50 50 50 50 50 50 50 39 50 50 50 50 50 50 50 50 36 50 50 50 46 50 50]
  [50 50 8 18 50 50 50 50 46 50 50 50 50 50 50 50 33 50 50 50 50 50 50 50 50 50 50 50 50 50 37 50 50 50 50 50 50 50 47 50 50 50 50 50 50 50 44 50 50 50 50 50 50 50 45 50 50 33 44 48 33 50 50 50 50 50 50 50 6 50 35 50 50 50 50 50 50 50 50 50 50 50 50 50 50 50 50 50 50 50 50 50 0 50 50 50 50 50 50 50 50 50 50 50 50 32 50 50 50 50 50 50 50 50 30 50 50 50 50 50 50 50 50 50 50 50 50 50 50 50 39 50 50 19 50 50 50 50 50 50 50 50 37 50 34 50 50 50 50 50]
  [35 50 50 50 50 50 44 50 39 50 50 50 50 24 50 31 50 29 50 50 50 50 32 50 50 50 47 50 33 50 50 50 50 50 50 50 50 50 48 50 43 50 44 50 50 24 50 50 25 47 50 50 50 50 50 50 50 50 22 49 49 50 50 50 46 50 50 50 50 50 50 20 50 50 8 50 50 50 42 50 50 50 20 50 47 50 50 50 50 36 50 50 50 0 50 37 50 50 50 50 50 50 50 28 50 50 50 50 50 50 40 50 48 39 50 50 17 50 49 20 50 50 50 48 50 40 6 50 50 14 50 50 50 50 50 35 44 50 50 50 50 46 50 50 45 50 50 50 50 50]
  [50 50 50 50 50 50 50 50 50 50 50 50 50 49 50 50 50 42 50 50 50 50 50 50 50 12 47 50 40 32 50 50 50 50 50 50 50 50 50 50 28 50 35 50 50 48 50 50 50 50 50 50 50 50 50 50 50 50 50 50 50 50 50 50 50 50 50 50 50 50 50 50 50 50 50 50 50 50 50 50 9 50 50 50 30 50 50 50 50 44 50 50 50 50 0 44 50 50 50 13 50 50 50 50 50 50 10 50 50 50 50 4 30 50 50 50 50 50 50 50 50 50 50 49 50 38 50 50 50 50 50 47 50 50 50 50 50 50 50 50 50 50 50 50 50 50 50 50 50 50]
  [22 43 50 50 50 50 50 50 50 50 50 50 50 30 50 37 50 24 50 26 50 50 50 50 50 34 11 50 12 50 50 50 50 50 50 50 50 50 50 50 25 50 38 50 49 17 50 50 50 50 50 50 50 50 50 50 50 50 50 50 50 50 50 50 38 50 50 50 50 50 50 18 50 50 41 50 50 50 50 50 43 50 24 50 36 50 50 50 50 2 50 50 50 37 44 0 50 50 50 50 50 50 50 50 50 50 44 50 50 50 50 43 15 29 50 50 50 50 50 50 50 50 50 14 40 6 36 50 50 34 50 14 50 50 50 50 39 50 50 50 50 48 50 50 50 50 50 50 50 50]
  [50 50 44 47 50 50 50 50 50 50 50 20 50 50 50 50 50 50 50 50 50 48 50 50 50 50 50 50 50 50 50 50 50 50 50 50 50 46 50 50 50 50 50 50 50 50 49 50 50 50 50 50 50 32 50 50 50 50 50 50 50 50 50 50 50 50 50 50 48 50 47 50 50 50 50 50 50 50 50 50 50 50 50 50 50 50 50 39 50 50 12 50 50 50 50 50 0 50 50 50 10 50 50 50 50 20 50 50 50 9 50 50 50 50 50 50 50 50 50 50 50 50 43 50 50 50 50 50 50 50 50 50 50 36 50 50 50 50 50 50 50 50 50 50 50 39 50 50 28 50]
  [50 50 50 50 50 50 33 50 45 49 50 50 50 50 50 50 50 50 50 50 50 50 47 28 39 50 50 42 50 50 50 50 50 50 50 50 50 50 50 12 50 50 50 9 50 50 50 50 50 28 50 50 8 50 50 33 50 50 50 50 50 50 50 50 50 29 28 50 50 50 50 50 50 50 50 50 50 50 40 50 50 37 50 22 50 50 21 50 50 50 50 17 50 50 50 50 50 0 50 50 50 50 50 50 39 50 50 44 50 50 38 50 50 50 50 50 50 50 30 50 50 50 50 50 50 50 50 50 50 50 50 50 50 50 49 50 50 50 50 50 50 50 48 43 50 50 50 50 50 50]
  [50 50 50 50 12 8 50 50 50 50 50 50 50 50 9 50 50 50 50 50 50 50 50 50 50 50 50 50 50 50 50 50 50 45 50 50 43 50 50 50 50 50 50 50 50 50 50 50 50 50 50 44 50 50 50 50 50 50 50 50 50 50 50 50 50 50 50 50 50 50 50 50 50 50 50 33 50 50 50 50 50 50 50 50 50 39 50 50 44 50 50 50 50 50 50 50 50 50 0 50 50 50 50 50 50 50 50 50 11 50 50 50 50 50 50 34 50 50 50 50 50 13 50 50 50 50 50 50 50 50 50 50 50 50 50 50 50 25 50 50 50 50 50 50 50 50 50 50 50 50]
  [50 50 50 50 50 50 50 50 50 50 50 50 45 50 50 50 50 44 50 50 50 50 50 50 50 25 50 50 45 19 50 50 50 50 50 50 50 50 50 50 31 50 32 50 50 50 50 50 50 50 50 50 50 50 50 50 50 50 50 50 50 50 50 50 50 50 50 50 50 50 50 50 50 50 50 50 50 50 50 50 9 50 50 50 28 50 50 50 50 50 50 50 50 50 13 50 50 50 50 0 50 50 50 50 50 50 9 50 50 50 50 11 39 50 50 50 50 50 50 50 50 50 50 50 50 46 50 42 50 50 50 50 50 50 50 50 50 50 50 39 50 50 50 50 50 50 50 50 50 50]
  [50 50 50 50 50 50 50 50 50 50 50 11 50 50 50 50 50 50 50 50 50 43 50 50 50 50 50 50 50 50 50 50 50 50 50 50 50 50 50 50 50 50 50 50 50 50 50 50 50 50 50 50 50 31 50 50 50 50 50 50 50 50 50 50 50 50 50 50 50 50 50 50 50 50 50 50 50 50 50 50 50 50 50 50 50 50 50 32 50 50 12 50 50 50 50 50 10 50 50 50 0 50 50 50 50 29 50 50 50 12 50 50 50 50 50 50 50 50 50 50 50 50 40 50 50 50 50 50 50 50 50 50 50 44 50 50 50 50 50 50 50 50 50 50 50 32 50 50 33 50]
  [50 50 50 50 50 50 50 50 50 47 50 50 50 50 50 50 50 50 50 50 50 50 50 50 50 50 50 39 50 50 43 50 50 21 50 50 38 30 50 50 50 50 50 50 50 50 19 50 50 50 25 50 50 50 50 50 17 50 50 50 50 50 50 50 50 50 50 50 50 30 50 50 50 13 50 49 50 50 50 13 50 50 50 50 50 20 50 50 18 50 50 50 50 50 50 50 50 50 50 50 50 0 50 50 50 50 50 50 50 50 50 50 50 50 32 50 50 50 50 50 50 49 50 50 50 50 50 50 50 50 50 50 15 50 50 50 50 41 50 50 6 50 50 50 50 50 50 50 42 25]
  [43 19 50 50 50 50 50 50 50 50 50 50 50 50 50 46 50 50 50 34 50 50 50 50 50 50 50 50 50 50 50 50 50 50 50 38 50 50 50 50 50 38 50 50 11 50 50 50 50 50 50 50 50 50 50 50 50 50 50 50 50 50 50 50 30 50 50 50 50 50 50 50 8 50 50 50 50 50 50 50 50 50 50 50 50 50 50 50 50 50 50 50 50 50 50 50 50 50 50 50 50 50 0 50 50 50 50 50 50 50 50 50 50 37 50 50 50 12 50 50 50 50 50 49 19 50 50 50 50 50 50 50 50 50 50 50 33 50 50 50 50 36 50 50 50 50 24 50 50 50]
  [35 45 50 50 50 50 50 50 50 50 48 50 50 50 50 18 38 50 50 50 50 50 50 50 50 50 50 50 50 50 50 50 24 50 50 27 50 50 28 50 50 29 50 50 50 45 50 50 50 50 50 50 50 50 34 50 50 50 30 29 37 50 50 32 34 50 50 28 50 50 50 34 50 50 21 50 50 50 50 50 50 50 45 50 50 50 50 50 50 50 50 50 50 28 50 50 50 50 50 50 50 50 50 0 50 50 50 50 50 50 50 50 50 33 50 50 37 50 50 15 49 50 50 50 50 50 34 50 50 19 48 50 50 50 50 6 30 50 50 50 50 26 50 50 50 50 50 50 50 50]
  [50 50 50 50 50 50 50 25 50 44 50 50 50 50 50 50 50 50 50 50 50 50 50 28 27 50 50 50 50 50 50 50 50 50 36 50 50 50 50 37 50 50 50 32 50 50 50 50 50 50 50 46 46 50 50 10 50 50 50 50 50 50 50 50 50 50 47 50 50 50 50 50 50 50 50 50 32 50 50 50 50 42 50 39 50 50 50 50 50 50 50 22 50 50 50 50 50 39 50 50 50 50 50 50 0 50 50 18 50 50 50 50 50 50 50 50 50 50 50 50 50 50 50 50 50 50 50 50 50 50 50 50 50 50 30 50 50 50 50 50 50 50 50 41 50 50 50 37 50 50]
  [50 50 24 28 50 50 50 50 50 50 50 37 50 50 50 50 50 50 50 50 50 50 50 50 50 50 50 50 50 50 50 50 50 50 50 50 50 50 50 50 50 50 50 50 50 50 42 50 50 50 50 50 50 33 50 50 50 40 50 50 50 50 50 50 50 50 50 50 28 50 33 50 50 50 50 50 50 50 50 49 50 50 50 50 50 50 50 50 50 50 21 50 32 50 50 50 20 50 50 50 29 50 50 50 50 0 50 50 50 19 50 50 50 50 41 50 50 50 50 50 50 50 46 50 50 50 50 50 50 50 50 50 50 17 50 50 50 50 50 50 50 50 50 50 50 50 50 50 35 50]
  [50 50 50 50 50 50 50 50 50 50 50 50 50 43 50 50 50 36 50 50 50 50 50 50 50 18 49 50 37 25 50 50 50 50 50 50 50 50 50 50 23 50 26 50 50 44 50 50 50 50 50 50 50 50 50 50 50 50 50 50 50 50 50 50 50 50 50 50 50 50 50 50 50 50 50 50 50 50 47 50 2 50 46 50 22 50 50 50 50 43 50 50 50 50 10 44 50 50 50 9 50 50 50 50 50 50 0 50 50 50 50 6 30 50 50 50 50 50 50 50 50 50 50 50 50 37 50 50 50 50 50 49 50 50 50 50 50 50 50 47 50 50 50 50 50 50 50 50 50 50]
  [50 50 50 50 50 50 50 14 50 27 50 50 50 50 50 50 50 50 50 50 50 50 50 43 12 50 50 47 50 50 50 50 50 50 19 50 39 50 50 47 50 50 50 35 50 50 50 50 50 50 50 29 50 50 50 27 50 50 50 50 50 50 50 50 50 50 39 50 50 50 50 50 50 50 50 40 19 50 50 50 50 50 50 34 50 50 50 50 50 50 50 30 50 50 50 50 50 44 50 50 50 50 50 50 18 50 50 0 50 50 50 50 50 50 50 37 50 50 50 50 50 50 50 50 50 50 50 50 50 50 50 50 50 50 12 50 50 50 50 50 50 50 50 50 50 50 50 18 50 50]
  [50 50 50 50 7 18 50 50 50 50 50 50 50 50 4 50 50 50 50 50 50 50 50 50 50 50 50 50 50 50 50 50 50 50 50 50 45 50 50 50 50 50 50 50 50 50 50 50 50 50 50 40 50 50 50 50 50 50 50 50 50 50 50 50 50 50 50 50 50 50 50 50 50 50 50 33 50 50 50 50 50 50 50 50 50 48 50 50 50 50 50 50 50 50 50 50 50 50 11 50 50 50 50 50 50 50 50 50 0 50 50 50 50 50 50 32 50 50 50 50 50 18 50 50 50 50 50 50 50 50 50 50 50 50 50 50 50 29 50 50 50 50 50 50 50 50 50 50 50 50]
  [50 50 42 43 50 50 50 50 50 50 50 18 50 50 50 50 50 50 50 50 46 40 50 50 50 50 50 50 50 50 50 50 50 50 50 50 50 50 50 50 50 50 50 50 50 50 50 50 50 50 50 50 50 22 50 50 50 49 50 50 50 50 50 50 50 50 50 50 46 50 40 50 50 50 50 50 50 45 50 50 50 50 50 50 50 50 50 33 50 50 3 50 50 50 50 50 9 50 50 50 12 50 50 50 50 19 50 50 50 0 50 50 50 50 50 50 50 50 50 50 50 50 34 50 50 50 50 50 50 50 50 50 50 33 50 50 50 50 50 50 50 50 50 50 50 33 50 50 37 50]
  [50 50 50 50 50 50 5 50 8 50 50 50 50 40 50 50 50 48 50 50 50 50 9 50 50 50 50 47 50 50 37 50 50 50 50 50 50 50 50 46 50 50 49 44 50 50 50 50 17 14 50 50 33 50 50 50 50 50 36 50 50 50 50 50 50 23 42 50 50 50 50 50 50 50 45 50 50 50 29 50 50 50 45 44 50 50 42 50 50 50 50 50 50 40 50 50 50 38 50 50 50 50 50 50 50 50 50 50 50 50 0 50 50 50 50 50 26 50 26 49 50 50 50 50 50 50 37 50 50 50 50 50 50 50 50 50 50 50 50 50 50 50 28 50 21 50 50 50 50 50]
  [50 50 50 50 50 50 50 50 50 50 50 50 50 46 50 50 50 39 50 50 50 50 50 50 50 14 47 50 38 29 50 50 50 50 50 50 50 50 50 50 25 50 31 50 50 46 50 50 50 50 50 50 50 50 50 50 50 50 50 50 50 50 50 50 50 50 50 50 50 50 50 50 50 50 50 50 50 50 50 50 5 50 49 50 27 50 50 50 50 43 50 50 50 50 4 43 50 50 50 11 50 50 50 50 50 50 6 50 50 50 50 0 29 50 50 50 50 50 50 50 50 50 50 49 50 37 50 50 50 50 50 47 50 50 50 50 50 50 50 50 50 50 50 50 50 50 50 50 50 50]
  [36 50 50 50 50 50 50 50 50 50 50 50 50 33 50 50 50 25 50 35 50 50 50 50 50 19 18 50 15 50 50 50 50 50 50 50 50 50 50 50 17 50 33 50 50 24 50 50 50 50 50 50 50 50 50 50 50 50 50 50 50 50 50 50 50 50 50 50 50 50 50 31 50 50 50 50 50 50 50 50 29 50 30 50 29 50 50 50 50 15 50 50 50 48 30 15 50 50 50 39 50 50 50 50 50 50 30 50 50 50 50 29 0 43 50 50 50 50 50 50 50 50 50 21 50 9 45 50 50 47 50 19 50 50 50 50 50 50 50 50 50 50 50 50 50 50 50 50 50 50]
  [7 19 50 50 50 50 50 50 50 50 50 50 50 48 50 15 50 46 50 20 50 50 50 50 50 50 27 50 37 50 50 50 46 50 50 28 50 50 50 50 50 31 50 50 31 35 50 50 50 50 50 50 50 50 50 50 50 50 50 50 50 50 50 44 10 50 50 50 50 50 50 24 32 50 37 50 50 50 50 50 50 50 40 50 50 50 50 50 50 29 50 50 50 39 50 29 50 50 50 50 50 50 37 33 50 50 50 50 50 50 50 50 43 0 50 50 50 45 50 42 50 50 50 26 22 35 41 50 50 27 50 28 50 50 50 36 11 50 50 50 50 20 50 50 50 50 45 50 50 50]
  [50 50 33 46 50 50 50 50 50 50 50 50 50 50 50 50 50 50 50 50 50 50 50 50 50 50 50 37 50 50 21 50 50 46 50 50 50 45 50 50 50 50 50 50 50 50 18 50 50 50 35 50 50 50 50 50 35 50 50 50 50 50 50 50 50 45 49 50 35 31 50 50 50 20 50 50 50 50 50 27 50 50 50 50 50 50 50 50 45 50 50 50 30 50 50 50 50 50 50 50 50 32 50 50 50 41 50 50 50 50 50 50 50 50 0 50 50 50 50 50 50 50 50 50 50 50 50 50 50 50 50 50 28 41 50 50 50 50 50 50 25 50 29 50 39 50 50 50 44 50]
  [50 50 50 50 25 32 50 34 50 27 50 50 50 50 30 50 50 50 50 50 50 50 50 50 35 50 50 50 50 50 50 50 50 35 21 50 20 50 50 50 50 50 50 50 50 50 50 50 50 50 45 11 50 50 50 50 50 50 50 50 50 50 50 50 50 50 50 50 50 50 50 50 50 50 50 7 27 50 50 50 50 50 50 50 50 42 50 50 38 50 50 50 50 50 50 50 50 50 34 50 50 50 50 50 50 50 50 37 32 50 50 50 50 50 50 0 50 50 50 50 50 23 50 50 50 50 50 50 50 50 50 50 50 50 26 50 50 19 50 50 50 50 50 50 50 50 50 19 50 50]
  [50 50 50 50 50 50 31 50 23 50 50 50 50 32 50 46 45 39 50 50 50 50 17 50 50 50 50 50 46 50 50 50 50 50 50 50 50 50 47 50 50 50 49 50 50 37 50 50 15 37 50 50 50 50 50 50 50 50 12 48 43 50 50 50 50 48 50 50 50 50 50 37 50 50 19 50 50 50 39 50 50 50 32 50 50 50 50 50 50 50 50 50 50 17 50 50 50 50 50 50 50 50 50 37 50 50 50 50 50 50 26 50 50 50 50 50 0 50 43 23 50 50 50 50 50 50 18 50 50 29 50 50 50 50 50 43 50 50 50 50 50 50 44 50 28 50 50 50 50 50]
  [50 27 50 50 50 50 50 50 50 50 50 50 50 50 50 50 50 50 50 46 50 50 50 50 50 50 50 50 50 50 50 50 50 50 50 38 50 50 50 50 50 37 50 50 23 50 50 50 50 50 50 50 50 50 50 50 50 50 50 50 50 50 50 46 37 50 50 50 50 50 50 50 13 50 50 50 50 50 50 50 50 50 50 50 50 50 50 50 50 50 50 50 50 50 50 50 50 50 50 50 50 50 12 50 50 50 50 50 50 50 50 50 50 45 50 50 50 0 50 50 50 50 50 50 30 50 50 50 50 50 50 50 50 50 50 50 38 50 50 50 50 38 50 50 50 50 15 50 50 50]
  [50 50 50 50 50 50 22 50 34 50 50 50 50 34 50 50 50 39 50 50 50 50 30 48 50 50 50 50 50 50 50 50 50 50 50 50 50 50 50 31 45 50 31 39 50 48 50 50 28 13 50 50 22 50 50 50 50 50 50 50 50 50 50 50 50 38 50 50 50 50 50 50 50 50 50 50 50 50 10 50 50 47 42 48 36 50 21 50 50 50 50 46 50 49 50 50 50 30 50 50 50 50 50 50 50 50 50 50 50 50 26 50 50 50 50 50 43 50 0 50 50 50 50 50 50 50 43 50 50 50 50 50 50 50 50 50 50 50 50 50 50 50 50 50 47 50 50 50 50 50]
  [42 50 50 50 50 50 50 50 45 50 50 50 50 44 50 29 33 49 50 50 50 50 40 50 50 50 50 50 50 50 50 50 36 50 50 42 50 50 29 50 50 44 50 50 50 41 50 50 37 50 50 50 50 50 34 50 50 50 15 30 31 50 50 45 46 50 50 31 50 50 50 34 50 50 12 50 50 50 50 50 50 50 39 50 50 50 50 50 50 50 50 50 50 20 50 50 50 50 50 50 50 50 50 15 50 50 50 50 50 50 49 50 50 42 50 50 23 50 50 0 50 50 50 50 50 50 25 50 50 18 46 50 50 50 50 20 42 50 50 50 50 40 50 50 45 50 50 50 50 50]
  [50 50 50 50 50 50 50 50 50 50 37 50 50 50 50 50 50 50 22 50 50 50 50 50 50 50 50 50 50 50 50 50 24 50 50 38 50 50 42 50 50 36 50 50 50 50 50 50 50 50 50 50 50 50 42 50 50 50 50 41 50 48 29 22 50 50 50 37 50 50 50 50 50 50 50 50 50 50 50 50 50 50 50 50 50 50 50 50 50 50 50 50 50 50 50 50 50 50 50 50 50 50 50 49 50 50 50 50 50 50 50 50 50 50 50 50 50 50 50 50 0 50 50 50 50 50 50 50 50 50 50 50 50 50 50 42 50 50 40 50 50 46 50 50 50 50 46 50 50 50]
  [50 50 50 50 12 9 50 50 50 43 50 50 50 50 14 50 50 50 50 50 50 50 50 50 50 50 50 50 50 50 50 50 50 34 44 50 29 50 50 50 50 50 50 50 50 50 50 50 50 50 50 34 50 50 50 50 50 50 50 50 50 50 50 50 50 50 50 50 50 50 50 50 50 50 50 20 50 50 50 50 50 50 50 50 50 31 50 50 33 50 50 50 50 50 50 50 50 50 13 50 50 49 50 50 50 50 50 50 18 50 50 50 50 50 50 23 50 50 50 50 50 0 50 50 50 50 50 50 50 50 50 50 50 50 49 50 50 12 50 50 50 50 50 50 50 50 50 42 50 47]
  [50 50 50 50 50 50 50 50 50 50 50 34 50 50 50 50 50 50 50 50 17 10 50 50 50 50 50 50 50 50 50 29 50 50 50 50 50 50 50 50 50 50 50 50 50 50 50 29 50 50 50 50 50 13 50 50 50 50 50 50 50 41 50 50 50 50 50 50 50 50 39 50 50 50 50 50 50 11 50 50 50 50 50 50 50 50 50 21 50 50 31 50 50 50 50 50 43 50 50 50 40 50 50 50 50 46 50 50 50 34 50 50 50 50 50 50 50 50 50 50 50 50 0 50 50 50 50 50 23 50 50 50 50 50 50 50 50 50 50 50 50 50 50 50 50 18 50 50 50 50]
  [21 34 50 50 50 50 50 50 50 50 50 50 50 44 50 39 50 38 50 14 50 50 50 50 50 37 2 50 25 50 50 50 50 50 50 50 50 50 50 50 36 50 50 50 38 30 50 50 50 50 50 50 50 50 50 50 50 50 50 50 50 50 50 50 33 50 50 50 50 50 50 28 47 50 50 50 50 50 50 50 50 50 37 50 48 50 50 50 50 15 50 50 50 48 49 14 50 50 50 50 50 50 49 50 50 50 50 50 50 50 50 49 21 26 50 50 50 50 50 50 50 50 50 0 30 17 47 50 50 42 50 2 50 50 50 50 36 50 50 50 50 46 50 50 50 50 50 50 50 50]
  [25 8 50 50 50 50 50 50 50 50 50 50 50 50 50 34 50 50 50 16 50 50 50 50 50 50 32 50 50 50 50 50 50 50 50 35 50 50 50 50 50 37 50 50 10 50 50 50 50 50 50 50 50 50 50 50 50 50 50 50 50 50 50 50 18 50 50 50 50 50 50 44 18 50 50 50 50 50 50 50 50 50 50 50 50 50 50 50 50 42 50 50 50 50 50 40 50 50 50 50 50 50 19 50 50 50 50 50 50 50 50 50 50 22 50 50 50 30 50 50 50 50 50 30 0 46 50 50 50 48 50 32 50 50 50 50 22 50 50 50 50 29 50 50 50 50 36 50 50 50]
  [28 49 50 50 50 50 50 50 50 50 50 50 50 28 50 43 50 21 50 31 50 50 50 50 50 28 15 50 9 50 50 50 50 50 50 50 50 50 50 50 19 50 33 50 50 17 50 50 50 50 50 50 50 50 50 50 50 50 50 50 50 50 50 50 44 50 50 50 50 50 50 22 50 50 45 50 50 50 50 50 36 50 24 50 31 50 50 50 50 6 50 50 50 40 38 6 50 50 50 46 50 50 50 50 50 50 37 50 50 50 50 37 9 35 50 50 50 50 50 50 50 50 50 17 46 0 37 50 50 39 50 17 50 50 50 50 46 50 50 50 50 50 50 50 50 50 50 50 50 50]
  [37 50 50 50 50 50 41 50 37 50 50 50 50 18 50 36 50 24 50 50 50 50 29 50 50 50 46 50 29 50 50 50 50 50 50 50 50 50 50 50 38 50 38 50 50 20 50 50 21 43 50 50 50 50 50 50 50 50 25 50 50 50 50 50 49 50 50 50 50 50 50 20 50 50 14 50 50 50 36 50 50 50 15 50 41 50 50 50 50 34 50 50 50 6 50 36 50 50 50 50 50 50 50 34 50 50 50 50 50 50 37 50 45 41 50 50 18 50 43 25 50 50 50 47 50 37 0 50 50 18 50 49 50 50 50 41 48 50 50 50 50 50 50 50 45 50 50 50 50 50]
  [50 50 50 50 50 50 50 50 50 50 50 50 17 50 50 50 50 50 50 50 50 50 50 50 50 50 50 50 50 27 50 50 50 50 50 50 50 50 50 50 50 50 50 50 50 50 50 50 50 50 50 50 50 50 50 50 50 50 50 50 50 50 50 50 50 50 50 50 50 50 50 50 50 50 50 50 50 50 50 50 50 48 50 50 50 50 50 50 50 50 50 50 50 50 50 50 50 50 50 42 50 50 50 50 50 50 50 50 50 50 50 50 50 50 50 50 50 50 50 50 50 50 50 50 50 50 50 0 50 50 50 50 50 50 50 50 50 50 50 6 50 50 50 48 50 50 50 50 50 50]
  [50 50 50 50 50 50 50 50 50 50 45 50 50 50 50 50 50 50 48 50 7 27 50 50 50 50 50 50 50 50 50 15 50 50 50 50 50 50 50 50 50 50 50 50 50 50 50 13 50 50 50 50 50 30 50 50 50 45 50 50 50 23 41 50 50 50 50 50 50 50 38 50 50 50 50 50 50 18 50 50 50 50 50 50 50 50 50 43 50 50 50 50 50 50 50 50 50 50 50 50 50 50 50 50 50 50 50 50 50 50 50 50 50 50 50 50 50 50 50 50 50 50 23 50 50 50 50 50 0 50 49 50 50 50 50 50 50 50 33 50 50 50 50 50 50 39 50 50 50 50]
  [25 44 50 50 50 50 50 50 50 50 50 50 50 33 50 18 50 36 50 44 50 50 45 50 50 50 41 50 34 50 50 50 42 50 50 38 50 50 44 50 48 40 50 50 50 26 50 50 38 50 50 50 50 50 50 50 50 50 29 45 49 50 50 47 33 50 50 45 50 50 50 17 50 50 10 50 50 50 50 50 50 50 26 50 50 50 50 50 50 33 50 50 50 14 50 34 50 50 50 50 50 50 50 19 50 50 50 50 50 50 50 50 47 27 50 50 29 50 50 18 50 50 50 42 48 39 18 50 50 0 50 44 50 50 50 25 30 50 50 50 50 32 50 50 50 50 50 50 50 50]
  [50 50 37 25 50 50 50 50 50 50 14 50 50 50 50 50 15 50 39 50 48 50 50 50 50 50 50 50 50 50 50 34 42 50 50 50 50 50 20 50 50 50 50 50 50 50 50 36 50 50 50 50 50 50 14 50 50 11 47 19 17 32 33 50 50 50 50 21 35 50 21 50 50 50 50 50 50 50 50 50 50 50 50 50 50 50 50 50 50 50 50 50 39 50 50 50 50 50 50 50 50 50 50 48 50 50 50 50 50 50 50 50 50 50 50 50 50 50 50 46 50 50 50 50 50 50 50 50 49 50 0 50 50 35 50 44 50 50 24 50 50 50 50 50 50 50 50 50 50 50]
  [23 36 50 50 50 50 50 50 50 50 50 50 50 44 50 41 50 38 50 16 50 50 50 50 50 35 3 50 25 50 50 50 50 50 50 50 50 50 50 50 35 50 50 50 40 31 50 50 50 50 50 50 50 50 50 50 50 50 50 50 50 50 50 50 35 50 50 50 50 50 50 30 49 50 50 50 50 50 50 50 48 50 38 50 47 50 50 50 50 16 50 50 50 50 47 14 50 50 50 50 50 50 50 50 50 50 49 50 50 50 50 47 19 28 50 50 50 50 50 50 50 50 50 2 32 17 49 50 50 44 50 0 50 50 50 50 38 50 50 50 50 48 50 50 50 50 50 50 50 50]
  [50 50 50 50 50 50 50 50 50 35 50 50 50 50 50 50 50 50 50 50 50 50 50 50 50 50 50 24 50 50 31 50 50 18 50 50 31 44 50 50 50 50 50 50 50 50 25 50 50 50 11 50 50 50 50 50 31 50 50 50 50 50 50 50 50 46 38 50 50 15 50 50 50 11 50 45 50 50 50 24 50 50 50 45 50 27 50 50 19 50 50 50 50 50 50 50 50 50 50 50 50 15 50 50 50 50 50 50 50 50 50 50 50 50 28 50 50 50 50 50 50 50 50 50 50 50 50 50 50 50 50 50 0 50 50 50 50 41 50 50 14 50 40 50 50 50 50 50 50 39]
  [50 50 11 11 50 50 50 50 50 50 47 50 50 50 50 50 36 50 50 50 50 50 50 50 50 50 50 50 50 50 50 46 50 50 50 50 50 50 50 50 50 50 50 50 50 50 49 48 50 50 50 50 50 37 46 50 50 25 50 50 37 50 50 50 50 50 50 50 13 50 21 50 50 50 50 50 50 50 50 50 50 50 50 50 50 50 50 50 50 50 35 50 19 50 50 50 36 50 50 50 44 50 50 50 50 17 50 50 50 33 50 50 50 50 41 50 50 50 50 50 50 50 50 50 50 50 50 50 50 50 35 50 50 0 50 50 50 50 50 50 50 50 50 50 50 50 50 50 50 50]
  [50 50 50 50 50 50 50 17 50 18 50 50 50 50 50 50 50 50 50 50 50 50 50 50 10 50 50 42 50 50 50 50 50 44 12 50 28 50 50 50 50 50 50 40 50 50 50 50 50 50 43 20 50 50 50 38 50 50 50 50 50 50 50 50 50 50 38 50 50 46 50 50 50 50 50 29 17 50 50 50 50 50 50 34 50 50 50 50 48 50 50 39 50 50 50 50 50 49 50 50 50 50 50 50 30 50 50 12 50 50 50 50 50 50 50 26 50 50 50 50 50 49 50 50 50 50 50 50 50 50 50 50 50 50 0 50 50 41 50 50 50 50 50 50 50 50 50 7 50 50]
  [39 46 50 50 50 50 50 50 50 50 43 50 50 50 50 21 37 50 50 50 50 50 50 50 50 50 50 50 50 50 50 50 18 50 50 24 50 50 25 50 50 25 50 50 50 50 50 50 50 50 50 50 50 50 30 50 50 50 34 25 36 50 50 26 35 50 50 24 50 50 50 40 50 50 27 50 50 50 50 50 50 50 50 50 50 50 50 50 50 50 50 50 50 35 50 50 50 50 50 50 50 50 50 6 50 50 50 50 50 50 50 50 50 36 50 50 43 50 50 20 42 50 50 50 50 50 41 50 50 25 44 50 50 50 50 0 31 50 50 50 50 25 50 50 50 50 50 50 50 50]
  [17 15 50 50 50 50 50 50 50 50 50 50 50 50 50 14 50 50 50 28 50 50 50 50 50 50 37 50 48 50 50 50 38 50 50 18 50 50 50 50 50 20 50 50 29 44 50 50 50 50 50 50 50 50 50 50 50 50 50 50 50 50 50 34 4 50 50 50 50 50 50 33 26 50 40 50 50 50 50 50 50 50 49 50 50 50 50 50 50 40 50 50 50 44 50 39 50 50 50 50 50 50 33 30 50 50 50 50 50 50 50 50 50 11 50 50 50 38 50 42 50 50 50 36 22 46 48 50 50 30 50 38 50 50 50 31 0 50 50 50 50 10 50 50 50 50 35 50 50 50]
  [50 50 50 50 22 18 50 50 50 32 50 50 50 50 25 50 50 50 50 50 50 50 50 50 47 50 50 50 50 50 50 50 50 23 39 50 18 50 50 50 50 50 50 50 50 50 50 50 50 50 38 30 50 50 50 50 50 50 50 50 50 50 50 50 50 50 50 50 50 46 50 50 50 49 50 13 46 50 50 50 50 50 50 50 50 24 50 50 24 50 50 50 50 50 50 50 50 50 25 50 50 41 50 50 50 50 50 50 29 50 50 50 50 50 50 19 50 50 50 50 50 12 50 50 50 50 50 50 50 50 50 50 41 50 41 50 50 0 50 50 47 50 50 50 50 50 50 34 50 44]
  [50 50 50 44 50 50 50 50 50 50 14 50 50 50 50 50 38 50 21 50 35 50 50 50 50 50 50 50 50 50 50 21 45 50 50 50 50 50 35 50 50 50 50 50 50 50 50 22 50 50 50 50 50 49 30 50 50 28 50 34 39 11 12 50 50 50 50 33 50 50 31 50 50 50 50 50 50 50 50 50 50 50 50 50 50 50 50 50 50 50 50 50 50 50 50 50 50 50 50 50 50 50 50 50 50 50 50 50 50 50 50 50 50 50 50 50 50 50 50 50 40 50 50 50 50 50 50 50 33 50 24 50 50 50 50 50 50 50 0 50 50 50 50 50 50 50 50 50 50 50]
  [50 50 50 50 50 50 50 50 50 50 50 50 13 50 50 50 50 50 50 50 50 50 50 50 50 50 50 50 50 23 50 50 50 50 50 50 50 50 50 50 50 50 50 50 50 50 50 50 50 50 50 50 50 50 50 50 50 50 50 50 50 50 50 50 50 50 50 50 50 50 50 50 50 50 50 50 50 50 50 50 48 44 50 50 50 50 50 50 50 50 50 50 50 50 50 50 50 50 50 39 50 50 50 50 50 50 47 50 50 50 50 50 50 50 50 50 50 50 50 50 50 50 50 50 50 50 50 6 50 50 50 50 50 50 50 50 50 50 50 0 50 50 50 45 50 50 50 50 50 50]
  [50 50 50 50 50 50 50 50 50 49 50 50 50 50 50 50 50 50 50 50 50 50 50 50 50 50 50 38 50 50 38 50 50 25 50 50 42 30 50 50 50 50 50 50 50 50 14 50 50 50 25 50 50 50 50 50 17 50 50 50 50 50 50 50 50 50 50 50 50 28 50 50 50 8 50 50 50 50 50 10 50 50 50 50 50 26 50 50 23 50 50 50 50 50 50 50 50 50 50 50 50 6 50 50 50 50 50 50 50 50 50 50 50 50 25 50 50 50 50 50 50 50 50 50 50 50 50 50 50 50 50 50 14 50 50 50 50 47 50 50 0 50 47 50 50 50 50 50 40 29]
  [26 22 50 50 50 50 50 50 50 50 50 50 50 50 50 15 50 50 50 37 50 50 50 50 50 50 47 50 50 50 50 50 28 50 50 8 50 50 48 50 50 11 50 50 35 50 50 50 50 50 50 50 50 50 50 50 50 50 50 49 50 50 50 24 13 50 50 47 50 50 50 39 28 50 41 50 50 50 50 50 50 50 50 50 50 50 50 50 50 48 50 50 50 46 50 48 50 50 50 50 50 50 36 26 50 50 50 50 50 50 50 50 50 20 50 50 50 38 50 40 46 50 50 46 29 50 50 50 50 32 50 48 50 50 50 25 10 50 50 50 50 0 50 50 50 50 32 50 50 50]
  [50 50 45 50 50 50 30 50 23 50 50 50 50 50 50 50 50 50 50 50 50 50 32 50 50 50 50 28 50 50 9 50 50 50 50 50 50 50 50 50 50 50 50 49 50 50 45 50 42 39 38 50 48 50 50 50 50 50 46 50 50 50 50 50 50 20 32 50 43 31 50 50 50 39 50 50 50 50 50 50 50 50 50 39 50 50 50 50 50 50 50 50 37 50 50 50 50 48 50 50 50 50 50 50 50 50 50 50 50 50 28 50 50 50 29 50 44 50 50 50 50 50 50 50 50 50 50 50 50 50 50 50 40 50 50 50 50 50 50 50 47 50 0 50 16 50 50 50 50 50]
  [50 50 50 50 50 50 50 50 50 50 50 50 32 50 50 50 50 50 50 50 50 50 50 18 50 50 50 50 50 50 50 50 50 50 50 50 50 50 50 32 50 50 50 45 50 50 50 50 50 50 50 50 44 50 50 32 50 50 50 50 50 50 50 50 50 50 50 50 50 50 50 50 50 50 50 50 50 50 50 50 50 9 50 50 50 50 35 50 50 50 50 36 50 50 50 50 50 43 50 50 50 50 50 50 41 50 50 50 50 50 50 50 50 50 50 50 50 50 50 50 50 50 50 50 50 50 50 48 50 50 50 50 50 50 50 50 50 50 50 45 50 50 50 0 50 50 50 50 50 50]
  [50 50 42 49 50 50 25 50 13 50 50 50 50 50 50 50 47 50 50 50 50 50 20 50 50 50 50 44 50 50 24 50 50 50 50 50 50 50 50 50 50 50 50 50 50 50 50 50 30 35 50 50 50 50 50 50 50 50 30 50 46 50 50 50 50 28 45 50 40 47 50 50 50 50 46 50 50 50 49 50 50 50 50 50 50 50 50 50 50 50 50 50 34 45 50 50 50 50 50 50 50 50 50 50 50 50 50 50 50 50 21 50 50 50 39 50 28 50 47 45 50 50 50 50 50 50 45 50 50 50 50 50 50 50 50 50 50 50 50 50 50 50 16 50 0 50 50 50 50 50]
  [50 50 50 50 50 50 50 50 50 50 50 23 50 50 50 50 50 50 50 50 34 13 50 50 50 50 50 50 50 50 50 47 50 50 50 50 50 50 50 50 50 50 50 50 50 50 50 47 50 50 50 50 50 23 50 50 50 50 50 50 50 50 50 50 50 50 50 50 50 50 50 50 50 50 50 50 50 23 50 50 50 50 50 50 50 50 50 3 50 50 30 50 50 50 50 50 39 50 50 50 32 50 50 50 50 50 50 50 50 33 50 50 50 50 50 50 50 50 50 50 50 50 18 50 50 50 50 50 39 50 50 50 50 50 50 50 50 50 50 50 50 50 50 50 50 0 50 50 50 50]
  [50 30 50 50 50 50 50 50 50 50 50 50 50 50 50 46 50 50 50 50 50 50 50 50 50 50 50 50 50 50 50 50 44 50 50 28 50 50 50 50 50 27 50 50 33 50 50 50 50 50 50 50 50 50 50 50 50 50 50 50 50 50 50 33 35 50 50 50 50 50 50 50 19 50 50 50 50 50 50 50 50 50 50 50 50 50 50 50 50 50 50 50 50 50 50 50 50 50 50 50 50 50 24 50 50 50 50 50 50 50 50 50 50 45 50 50 50 15 50 50 46 50 50 50 36 50 50 50 50 50 50 50 50 50 50 50 35 50 50 50 50 32 50 50 50 50 0 50 50 50]
  [50 50 50 50 44 50 50 19 50 17 50 50 50 50 49 50 50 50 50 50 50 50 50 50 16 50 50 43 50 50 50 50 50 40 9 50 23 50 50 50 50 50 50 47 50 50 50 50 50 50 42 14 50 50 50 45 50 50 50 50 50 50 50 50 50 50 42 50 50 46 50 50 50 50 50 22 16 50 50 50 50 50 50 39 50 50 50 50 44 50 50 46 50 50 50 50 50 50 50 50 50 50 50 50 37 50 50 18 50 50 50 50 50 50 50 19 50 50 50 50 50 42 50 50 50 50 50 50 50 50 50 50 50 50 7 50 50 34 50 50 50 50 50 50 50 50 50 0 50 50]
  [50 50 50 50 50 50 50 50 50 50 50 43 50 50 50 50 50 50 50 50 50 50 50 50 50 50 50 50 50 50 50 50 50 50 50 50 50 18 50 50 50 50 50 50 50 50 30 50 50 50 50 50 50 50 50 50 26 50 50 50 50 50 50 50 50 50 50 50 50 50 50 50 50 44 50 50 50 50 50 30 50 50 50 50 50 50 50 50 50 50 39 50 50 50 50 50 28 50 50 50 33 42 50 50 50 35 50 50 50 37 50 50 50 50 44 50 50 50 50 50 50 50 50 50 50 50 50 50 50 50 50 50 50 50 50 50 50 50 50 50 40 50 50 50 50 50 50 50 0 40]
  [50 50 50 50 50 43 50 50 50 50 50 50 50 50 50 50 50 50 50 50 50 50 50 50 50 50 50 50 50 50 50 50 50 36 50 50 50 22 50 50 50 50 50 50 50 50 36 50 50 50 48 50 50 50 50 50 20 50 50 50 50 50 50 50 50 50 50 50 50 50 50 50 50 37 50 50 50 50 50 26 50 50 50 50 50 21 50 50 31 50 50 50 50 50 50 50 50 50 50 50 50 25 50 50 50 50 50 50 50 50 50 50 50 50 50 50 50 50 50 50 50 47 50 50 50 50 50 50 50 50 50 50 39 50 50 50 50 44 50 50 29 50 50 50 50 50 50 50 40 0]
];