K=8;
N=150;
P=[597 131 168 559 519 585 181 1427];
R=[40 17 21 27 27 31 25 40];
A=[4 2 3 5 5 5 3 6];
C=[54 37 49 29 37 33 52 27];
M=[
  [0 50 50 50 50 50 50 50 50 35 50 50 35 50 50 50 50 50 35 50 50 50 50 50 18 50 45 50 50 50 40 50 14 47 38 50 50 50 50 39 50 50 50 46 50 50 50 49 15 50 50 50 50 50 46 50 50 50 13 50 19 50 50 36 18 50 50 50 50 50 22 50 50 50 10 50 27 50 50 50 50 50 50 42 50 50 50 19 50 50 50 46 50 50 50 44 50 8 39 42 35 50 18 50 50 50 39 5 50 50 50 50 50 50 50 50 50 50 50 50 44 50 50 50 50 50 50 50 50 50 11 50 50 50 50 50 50 50 50 50 50 41 50 50 50 50 50 50 50 45]
  [50 0 41 50 50 50 50 50 50 46 50 50 50 50 50 41 50 50 22 30 50 50 50 50 50 50 50 50 50 50 50 50 47 50 33 50 50 50 50 49 50 50 50 50 50 50 50 5 42 50 50 50 11 49 50 50 50 39 42 24 50 50 50 40 50 36 50 50 50 50 50 14 50 50 50 50 50 50 50 50 50 50 50 45 50 50 50 50 50 50 50 50 31 50 21 45 50 50 50 39 41 50 37 50 50 49 50 50 47 50 50 50 40 16 50 39 50 50 50 50 50 50 50 50 50 50 23 50 50 50 50 50 50 50 50 50 42 50 50 50 50 50 50 50 50 50 50 50 50 50]
  [50 41 0 50 50 50 48 50 50 50 50 50 50 43 50 45 50 50 50 49 50 50 50 50 50 50 50 50 50 50 50 50 50 50 50 50 50 50 50 50 50 50 50 50 50 50 50 45 50 50 50 50 31 10 50 37 50 20 50 50 50 50 50 50 50 12 50 50 50 50 50 29 50 50 50 50 50 50 50 21 50 50 50 50 50 50 50 50 50 50 38 50 34 50 26 50 50 50 50 50 50 50 50 50 50 50 50 50 24 50 50 50 13 25 50 50 50 50 50 50 50 50 50 50 50 50 43 50 50 50 50 50 50 50 50 50 17 50 33 50 50 50 50 50 50 50 50 46 50 50]
  [50 50 50 0 47 50 50 50 50 37 50 15 25 50 15 50 50 50 50 50 50 50 50 35 45 50 50 50 30 50 50 50 50 50 49 50 50 50 50 50 50 24 50 50 10 50 50 50 50 50 50 50 50 50 13 50 50 50 50 50 50 50 50 50 42 50 50 50 50 50 50 50 50 50 50 50 50 50 50 50 50 50 44 37 50 50 50 46 50 50 50 18 50 50 50 38 30 50 22 50 41 50 50 50 50 50 20 50 50 50 50 32 50 50 50 50 50 50 50 50 50 50 50 50 50 50 50 50 50 50 50 50 26 50 50 31 50 50 50 50 50 50 50 50 50 50 50 50 50 50]
  [50 50 50 47 0 50 50 50 50 50 50 50 50 50 50 50 50 50 50 50 50 50 50 17 50 50 50 50 50 50 50 50 50 50 50 50 50 50 50 50 50 23 50 50 50 50 50 50 50 50 50 50 50 50 50 50 50 50 50 50 50 50 50 50 50 50 50 50 50 50 50 50 50 50 50 50 50 50 50 50 50 50 30 50 50 50 50 50 50 50 50 50 50 42 50 50 37 50 50 50 50 50 50 50 50 50 50 50 50 50 50 33 50 50 50 50 50 50 50 50 50 50 50 50 50 50 50 50 50 50 50 50 48 36 50 31 50 50 50 50 35 50 50 50 50 50 50 50 50 50]
  [50 50 50 50 50 0 19 50 18 50 50 50 50 18 50 50 50 50 50 50 44 50 50 50 50 50 50 50 50 50 50 50 50 50 50 50 50 50 50 50 28 50 35 50 50 50 50 50 50 50 50 50 50 50 50 20 50 50 50 50 50 50 50 50 50 50 41 50 39 50 50 50 17 50 50 50 50 50 50 44 28 48 50 50 50 50 50 50 50 50 50 50 50 50 50 50 50 50 50 50 50 50 50 50 50 50 50 50 50 34 46 50 50 50 50 50 50 50 16 50 50 50 45 50 40 50 50 50 50 50 50 50 50 50 50 50 50 50 36 50 50 50 50 50 50 50 50 44 50 50]
  [50 50 48 50 50 19 0 50 37 50 50 50 50 26 50 50 50 50 50 50 33 50 50 50 50 48 50 50 50 50 50 50 50 50 50 50 50 50 50 50 45 50 18 50 50 50 50 50 50 50 50 50 50 48 50 22 50 43 50 50 50 50 50 50 50 50 50 50 20 50 50 50 37 50 50 50 50 50 50 30 40 46 50 50 50 50 50 50 50 50 50 50 50 50 50 50 50 50 50 50 50 50 50 50 50 50 50 50 35 29 42 50 50 50 50 50 50 50 29 50 50 50 27 50 32 50 50 50 50 50 50 50 50 50 50 50 50 50 19 50 50 50 50 50 50 50 50 25 50 50]
  [50 50 50 50 50 50 50 0 50 50 50 50 50 50 50 18 50 40 50 31 50 10 50 50 50 50 50 50 50 50 44 50 50 50 50 50 10 50 22 43 50 50 49 50 50 50 50 50 50 50 50 30 50 50 50 50 50 40 50 50 50 50 50 44 50 50 50 25 42 50 50 50 50 50 50 50 50 13 50 46 50 50 50 50 50 42 50 50 50 50 50 50 50 50 44 50 50 50 50 38 50 50 50 2 50 50 50 50 39 50 50 50 50 50 50 24 50 50 50 50 42 50 38 50 50 50 35 33 50 50 50 50 50 50 11 50 50 50 46 50 50 50 50 50 50 50 50 35 50 50]
  [50 50 50 50 50 18 37 50 0 50 50 50 50 21 50 50 50 50 50 50 50 50 50 50 50 50 50 50 50 50 50 50 50 50 50 50 50 50 50 50 13 50 50 50 50 50 50 50 50 40 50 50 50 50 50 28 50 50 50 50 50 50 50 50 50 50 31 50 50 50 50 50 4 50 50 50 50 50 50 50 20 50 50 50 50 50 50 50 50 50 50 50 50 50 50 50 50 50 50 50 50 50 50 50 50 50 50 50 50 49 50 50 50 50 50 50 50 50 15 50 50 50 50 50 50 50 50 50 50 50 50 50 50 50 50 50 50 50 50 50 50 50 50 50 50 50 50 50 50 50]
  [35 46 50 37 50 50 50 50 50 0 50 23 15 50 40 50 50 50 25 50 50 50 50 50 33 50 50 50 20 50 50 50 41 50 13 50 50 50 50 50 50 50 50 50 32 50 50 43 36 50 50 50 50 50 26 50 50 50 34 31 48 50 50 50 19 50 50 50 50 50 50 50 50 50 41 50 50 50 50 50 50 50 50 7 50 50 50 36 50 50 50 35 50 49 50 9 36 30 31 50 5 50 32 50 50 47 21 31 50 50 50 40 50 50 50 50 50 50 50 50 50 50 50 50 50 50 50 50 50 50 45 50 24 50 50 50 50 50 50 50 50 50 50 50 50 50 50 50 50 50]
  [50 50 50 50 50 50 50 50 50 50 0 50 50 50 50 50 23 50 50 50 50 50 50 43 50 50 50 50 43 28 50 50 50 50 50 47 50 33 50 50 50 50 50 50 50 34 50 50 50 50 50 50 50 50 50 50 50 50 50 48 50 50 50 50 50 50 50 50 50 50 50 50 50 50 50 50 50 50 50 50 50 50 26 50 50 50 50 50 50 11 50 50 50 15 50 50 36 50 50 50 50 50 50 50 29 22 50 50 50 50 50 35 50 50 50 50 50 27 50 50 50 41 50 50 50 50 50 50 50 41 50 50 43 22 50 50 50 50 50 50 25 50 50 50 50 11 50 50 50 50]
  [50 50 50 15 50 50 50 50 50 23 50 0 15 50 24 50 50 50 48 50 50 50 50 37 40 50 50 50 17 50 50 50 50 50 34 50 50 50 50 50 50 30 50 50 15 50 50 50 50 50 50 50 50 50 11 50 50 50 50 49 50 50 50 50 33 50 50 50 50 50 50 50 50 50 50 50 50 50 50 50 50 50 40 23 50 50 50 42 50 50 50 22 50 44 50 23 23 43 22 50 27 50 50 50 50 50 13 48 50 50 50 27 50 50 50 50 50 50 50 50 50 50 50 50 50 50 50 50 50 50 50 50 14 50 50 43 50 50 50 50 50 50 50 50 50 50 50 50 50 50]
  [35 50 50 25 50 50 50 50 50 15 50 15 0 50 26 50 50 50 38 50 50 50 50 50 26 50 50 50 24 50 50 50 46 50 28 50 50 50 50 50 50 44 50 50 19 50 50 50 42 50 50 50 50 50 13 50 50 50 40 46 42 50 50 50 18 50 50 50 50 50 50 50 50 50 44 50 42 50 50 50 50 50 50 19 50 50 50 28 50 50 50 21 50 50 50 21 36 29 16 50 20 50 39 50 50 50 6 34 50 50 50 40 50 50 50 50 50 50 50 50 50 50 50 50 50 50 50 50 50 50 45 50 25 50 50 50 50 50 50 50 50 50 50 50 50 50 50 50 50 50]
  [50 50 43 50 50 18 26 50 21 50 50 50 50 0 50 50 50 50 50 50 50 50 50 50 50 50 50 50 50 50 50 50 50 50 50 50 50 50 50 50 23 50 44 50 50 50 50 50 50 38 50 50 50 38 50 7 50 50 50 50 50 50 50 50 50 50 27 50 44 50 50 50 24 50 50 50 50 50 50 38 15 50 50 50 50 50 50 50 50 50 49 50 50 50 50 50 50 50 50 50 50 50 50 50 50 50 50 50 45 50 50 50 50 50 50 50 50 50 6 50 50 50 50 50 50 50 50 50 50 50 50 50 50 50 50 50 50 50 34 41 50 50 50 50 50 50 50 47 50 50]
  [50 50 50 15 50 50 50 50 50 40 50 24 26 50 0 50 50 50 50 50 50 50 50 50 36 50 50 50 40 50 50 50 50 50 50 50 50 50 50 50 50 38 50 50 9 50 50 50 50 50 50 50 50 50 15 50 50 50 50 50 49 50 50 50 39 50 50 50 50 50 50 50 50 50 50 50 45 50 50 50 50 50 50 43 50 50 50 37 50 50 50 7 50 50 50 44 44 45 13 50 45 50 50 50 50 50 19 50 50 50 50 46 50 50 50 50 50 50 50 50 50 50 50 50 50 50 50 50 50 50 50 50 37 50 50 38 50 50 50 50 50 50 50 50 50 50 50 50 50 50]
  [50 41 45 50 50 50 50 18 50 50 50 50 50 50 50 0 50 50 50 16 50 21 50 50 50 50 50 50 50 50 41 50 50 50 50 50 27 50 40 39 50 50 50 50 50 50 50 40 50 50 50 42 34 50 50 50 50 26 50 50 50 50 50 36 50 50 50 40 45 50 50 45 50 50 50 50 50 31 50 36 50 50 50 50 50 44 50 50 50 50 50 50 50 50 26 50 50 50 50 30 50 50 50 16 50 50 50 50 29 50 50 50 50 37 50 15 50 50 50 50 41 50 44 50 50 50 18 36 50 50 50 50 50 50 25 50 50 50 41 50 50 50 50 50 50 50 50 37 50 50]
  [50 50 50 50 50 50 50 50 50 50 23 50 50 50 50 50 0 50 50 50 50 50 46 50 50 50 50 44 49 30 50 50 50 50 50 27 50 19 50 50 50 50 50 50 50 37 50 50 50 50 50 50 50 50 50 50 45 50 50 36 50 50 50 50 50 50 50 50 50 50 50 48 50 50 50 50 50 50 50 50 50 50 45 50 50 50 50 50 50 12 50 50 33 33 50 50 49 50 50 50 50 50 50 50 6 11 50 50 50 50 50 50 50 50 50 50 50 5 50 50 50 29 50 50 50 50 50 50 50 38 50 50 50 45 50 50 50 30 50 50 48 50 50 50 50 18 50 50 50 50]
  [50 50 50 50 50 50 50 40 50 50 50 50 50 50 50 50 50 0 50 50 50 42 50 50 50 50 50 50 50 50 50 50 50 50 50 50 34 50 21 50 50 50 50 50 50 50 50 50 50 50 50 38 50 50 50 50 50 50 50 50 50 50 47 50 50 50 50 29 50 50 50 50 50 50 50 36 50 28 50 50 50 50 50 50 50 50 50 50 50 50 50 50 50 50 50 50 50 50 50 50 50 50 50 42 50 50 50 50 50 50 50 50 50 50 50 50 50 50 50 50 50 50 50 50 50 50 50 50 50 50 50 47 50 50 36 50 50 50 50 50 50 50 50 50 39 50 50 50 50 50]
  [35 22 50 50 50 50 50 50 50 25 50 48 38 50 50 50 50 50 0 40 50 50 50 50 45 50 50 50 40 50 48 50 32 50 14 50 50 50 50 45 50 50 50 50 50 50 50 19 26 50 50 50 34 50 50 50 50 50 25 22 50 50 50 37 30 50 50 50 50 50 50 35 50 50 35 50 50 50 50 50 50 50 50 26 50 50 50 47 50 50 50 50 47 50 42 27 50 36 50 39 21 50 20 50 50 49 45 30 50 50 50 50 50 38 50 47 50 50 50 50 50 50 50 50 50 50 37 50 50 50 42 50 46 50 50 50 50 50 50 50 50 50 50 50 50 50 50 50 50 50]
  [50 30 49 50 50 50 50 31 50 50 50 50 50 50 50 16 50 50 40 0 50 28 50 50 50 50 50 50 50 50 31 50 42 50 50 50 37 50 50 28 50 50 50 50 50 50 50 27 40 50 50 46 27 50 50 50 50 34 42 50 50 50 50 23 50 50 50 50 50 50 50 38 50 50 47 50 50 43 50 46 50 50 50 50 50 38 50 50 50 50 50 50 50 50 24 50 50 50 50 18 50 50 39 29 50 50 50 50 39 50 50 50 50 32 50 9 50 50 50 50 33 50 50 50 50 50 7 32 50 50 50 50 50 50 40 50 50 50 50 50 50 50 50 50 50 50 50 50 50 50]
  [50 50 50 50 50 44 33 50 50 50 50 50 50 50 50 50 50 50 50 50 0 50 50 50 50 16 50 50 50 50 50 50 50 50 50 50 50 50 50 50 50 50 20 50 50 50 50 50 50 50 50 50 50 50 50 50 50 50 50 50 50 50 24 50 50 50 50 40 28 50 50 50 50 50 50 25 50 50 25 50 50 22 50 50 50 50 36 50 50 50 50 50 50 50 50 50 50 50 50 50 50 50 50 50 50 50 50 50 50 13 16 50 50 50 50 50 50 50 50 50 50 50 27 50 5 50 50 50 50 50 50 50 50 50 50 50 50 50 44 50 50 50 50 50 50 50 50 36 50 50]
  [50 50 50 50 50 50 50 10 50 50 50 50 50 50 50 21 50 42 50 28 50 0 50 50 50 50 46 50 50 50 35 50 50 50 50 50 9 50 22 35 50 50 50 50 50 50 50 50 50 50 50 22 50 50 50 50 50 46 50 50 50 50 50 37 50 50 50 34 50 50 50 50 50 50 50 50 50 18 50 50 50 50 50 50 50 32 50 50 50 50 50 50 50 50 46 50 50 50 50 31 50 50 50 11 50 50 50 50 47 50 50 50 50 50 50 20 50 50 50 50 32 50 48 50 50 50 34 23 50 50 50 49 50 50 21 50 50 50 50 50 50 50 50 47 44 50 50 45 50 50]
  [50 50 50 50 50 50 50 50 50 50 50 50 50 50 50 50 46 50 50 50 50 50 0 50 50 50 50 4 50 39 50 16 50 50 50 26 50 28 50 50 50 50 50 50 50 40 50 50 50 50 42 50 50 50 50 50 9 50 50 50 50 11 50 50 50 50 50 50 50 18 50 50 50 50 50 50 50 50 50 50 50 50 50 50 50 50 50 50 50 50 39 50 50 50 50 50 50 50 50 50 50 50 50 50 44 50 50 50 50 50 50 50 50 50 50 50 50 46 50 50 50 20 50 37 50 50 50 50 25 29 50 50 50 50 50 50 50 25 50 50 50 50 29 50 50 50 50 50 49 50]
  [50 50 50 35 17 50 50 50 50 50 43 37 50 50 50 50 50 50 50 50 50 50 50 0 50 50 50 50 36 50 50 50 50 50 50 50 50 50 50 50 50 12 50 50 45 50 50 50 50 50 50 50 50 50 45 50 50 50 50 50 50 50 50 50 50 50 50 50 50 50 50 50 50 50 50 50 50 50 50 50 50 50 17 50 50 50 50 50 50 50 50 50 50 30 50 49 21 50 50 50 50 50 50 50 50 50 49 50 50 50 50 17 50 50 50 50 50 50 50 50 50 50 50 50 50 50 50 50 50 50 50 50 31 32 50 32 50 50 50 50 32 50 50 50 50 50 50 50 50 50]
  [18 50 50 45 50 50 50 50 50 33 50 40 26 50 36 50 50 50 45 50 50 50 50 50 0 50 50 50 49 50 50 50 32 50 42 50 50 50 50 50 50 50 50 50 35 50 50 50 32 50 50 50 50 50 32 50 50 50 30 50 16 50 50 50 16 50 50 50 50 50 33 50 50 50 28 50 17 50 50 50 50 50 50 40 50 50 50 3 50 50 50 29 50 50 50 42 50 12 23 50 36 50 33 50 50 50 27 20 50 50 50 50 50 50 50 50 50 50 50 50 50 50 50 50 50 50 50 50 50 50 25 50 50 50 50 50 50 50 50 50 50 47 50 50 50 50 50 50 50 50]
  [50 50 50 50 50 50 48 50 50 50 50 50 50 50 50 50 50 50 50 50 16 50 50 50 50 0 50 50 50 50 50 50 50 50 50 50 50 50 50 50 50 50 36 50 50 50 50 50 50 50 50 50 50 50 50 50 50 50 50 50 50 50 21 50 50 50 50 50 44 50 50 50 50 50 50 30 50 50 10 50 50 12 50 50 50 50 22 50 50 50 50 50 50 50 50 50 50 50 50 50 50 50 50 50 50 50 50 50 50 20 9 50 50 50 50 50 50 50 50 50 50 50 42 50 15 50 50 50 50 50 50 50 50 50 50 50 50 50 50 50 50 50 50 50 50 50 50 50 50 50]
  [45 50 50 50 50 50 50 50 50 50 50 50 50 50 50 50 50 50 50 50 50 46 50 50 50 50 0 50 50 50 19 50 36 18 50 50 50 50 50 22 50 50 50 26 50 50 41 50 41 50 50 35 50 50 50 50 50 50 43 50 50 50 50 31 50 50 50 50 50 50 30 50 50 18 36 50 50 50 50 50 50 50 50 50 20 15 50 50 45 50 50 50 50 50 50 50 50 50 50 33 50 22 46 50 50 50 50 47 50 50 50 50 50 50 37 44 20 50 50 41 18 50 50 50 50 41 50 23 50 50 36 40 50 50 50 50 50 50 50 50 50 35 50 7 44 50 44 50 50 30]
  [50 50 50 50 50 50 50 50 50 50 50 50 50 50 50 50 44 50 50 50 50 50 4 50 50 50 50 0 50 40 50 20 50 50 50 23 50 27 50 50 50 50 50 50 50 41 50 50 50 50 41 50 50 50 50 50 5 50 50 50 50 15 50 50 50 50 50 50 50 16 50 50 50 50 50 50 50 50 50 50 50 50 50 50 50 50 50 50 50 50 36 50 49 50 50 50 50 50 50 50 50 50 50 50 42 50 50 50 50 50 50 50 50 50 50 50 50 44 50 50 50 20 50 40 50 50 50 50 27 32 50 50 50 50 50 50 50 21 50 49 50 50 32 50 50 50 50 50 48 50]
  [50 50 50 30 50 50 50 50 50 20 43 17 24 50 40 50 49 50 40 50 50 50 50 36 49 50 50 50 0 50 50 50 50 50 26 50 50 50 50 50 50 34 50 50 32 50 50 50 50 50 50 50 50 50 27 50 50 50 50 36 50 50 50 50 37 50 50 50 50 50 50 50 50 50 50 50 50 50 50 50 50 50 31 15 50 50 50 50 50 47 50 38 50 31 50 14 16 49 37 50 22 50 50 50 50 38 26 50 50 50 50 20 50 50 50 50 50 49 50 50 50 50 50 50 50 50 50 50 50 50 50 50 6 50 50 50 50 50 50 50 50 50 50 50 50 50 50 50 50 50]
  [50 50 50 50 50 50 50 50 50 50 28 50 50 50 50 50 30 50 50 50 50 50 39 50 50 50 50 40 50 0 50 41 50 50 50 39 50 20 50 50 50 50 50 50 50 7 50 50 50 50 50 50 50 50 50 50 44 50 50 50 50 37 50 50 50 50 50 50 50 50 50 50 50 50 50 50 50 50 50 50 50 50 50 50 50 50 50 50 50 24 50 50 50 42 50 50 50 50 50 50 50 50 50 50 34 39 50 50 50 50 50 50 50 50 50 50 50 34 50 50 50 20 50 50 50 50 50 50 50 13 50 50 50 39 50 50 50 41 50 50 40 50 50 50 50 18 50 50 50 50]
  [40 50 50 50 50 50 50 44 50 50 50 50 50 50 50 41 50 50 48 31 50 35 50 50 50 50 19 50 50 50 0 50 27 36 50 50 42 50 50 3 50 50 50 42 50 50 50 48 30 50 50 34 50 50 50 50 50 50 32 50 50 50 50 12 50 50 50 50 50 50 34 50 50 36 30 50 50 50 50 50 50 50 50 50 39 13 50 50 50 50 50 50 50 50 50 50 50 47 50 14 50 41 34 44 50 50 50 39 50 50 50 50 50 50 50 27 37 50 50 50 4 50 50 50 50 50 37 15 50 50 34 50 50 50 50 50 50 50 50 50 50 48 50 24 50 50 50 50 50 45]
  [50 50 50 50 50 50 50 50 50 50 50 50 50 50 50 50 50 50 50 50 50 50 16 50 50 50 50 20 50 41 50 0 50 50 50 41 50 37 50 50 50 50 50 50 50 38 50 50 50 50 50 50 50 50 50 50 24 50 50 50 50 6 50 50 50 50 50 50 50 30 50 50 50 50 50 50 50 50 50 50 50 50 50 50 50 50 50 50 50 50 50 50 50 50 50 50 50 50 50 50 50 50 50 50 50 50 50 50 50 50 50 50 50 50 50 50 50 50 50 50 50 28 50 27 50 50 50 50 20 28 50 50 50 50 50 50 50 40 50 50 50 50 21 50 50 50 50 50 50 50]
  [14 47 50 50 50 50 50 50 50 41 50 50 46 50 50 50 50 50 32 42 50 50 50 50 32 50 36 50 50 50 27 50 0 42 41 50 50 50 50 25 50 50 50 43 50 50 50 42 7 50 50 50 50 50 50 50 50 50 8 50 30 50 50 22 28 50 50 50 50 50 22 50 50 50 5 50 38 50 50 50 50 50 50 47 48 38 50 32 50 50 50 50 50 50 50 49 50 21 50 28 40 50 12 50 50 50 50 13 50 50 50 50 50 50 50 44 50 50 50 50 31 50 50 50 50 50 45 41 50 50 13 50 50 50 50 50 50 50 50 50 50 42 50 42 50 50 50 50 50 44]
  [47 50 50 50 50 50 50 50 50 50 50 50 50 50 50 50 50 50 50 50 50 50 50 50 50 50 18 50 50 50 36 50 42 0 50 50 50 50 50 38 50 50 50 9 50 50 23 50 49 50 50 50 50 50 50 50 50 50 50 50 45 50 50 46 50 50 50 50 50 50 26 50 50 18 41 50 50 50 50 50 50 50 50 50 7 33 50 50 32 50 50 50 50 50 50 50 50 50 50 49 50 12 50 50 50 50 50 50 50 50 50 50 50 50 20 50 23 50 50 40 35 50 50 50 50 38 50 41 50 50 37 47 50 50 50 50 50 50 50 50 50 20 50 18 50 50 46 50 50 13]
  [38 33 50 49 50 50 50 50 50 13 50 34 28 50 50 50 50 50 14 50 50 50 50 50 42 50 50 50 26 50 50 50 41 50 0 50 50 50 50 50 50 50 50 50 45 50 50 31 34 50 50 50 44 50 39 50 50 50 33 19 50 50 50 50 27 50 50 50 50 50 50 43 50 50 42 50 50 50 50 50 50 50 50 12 50 50 50 45 50 50 50 49 49 50 50 13 41 36 44 50 8 50 29 50 50 40 34 34 50 50 50 46 50 48 50 50 50 49 50 50 50 50 50 50 50 50 50 50 50 50 48 50 31 50 50 50 50 50 50 50 50 50 50 50 50 50 50 50 50 50]
  [50 50 50 50 50 50 50 50 50 50 47 50 50 50 50 50 27 50 50 50 50 50 26 50 50 50 50 23 50 39 50 41 50 50 50 0 50 19 50 50 50 50 50 50 50 43 50 50 50 50 50 50 50 48 50 50 21 50 50 50 50 35 50 50 50 41 50 50 50 30 50 47 50 50 50 50 50 50 50 50 50 50 50 50 50 50 50 50 50 36 35 50 28 50 50 50 50 50 50 50 50 50 50 50 22 36 50 50 50 50 50 50 39 50 50 50 50 25 50 50 50 21 50 50 50 50 50 50 50 37 50 50 50 50 50 50 36 3 50 50 50 50 50 50 50 39 50 50 50 50]
  [50 50 50 50 50 50 50 10 50 50 50 50 50 50 50 27 50 34 50 37 50 9 50 50 50 50 50 50 50 50 42 50 50 50 50 50 0 50 13 42 50 50 50 50 50 50 50 50 50 50 50 21 50 50 50 50 50 50 50 50 50 50 50 45 50 50 50 27 50 50 50 50 50 50 50 50 50 10 50 50 50 50 50 50 50 37 50 50 50 50 50 50 50 50 50 50 50 50 50 39 50 50 50 12 50 50 50 50 49 50 50 50 50 50 50 29 50 50 50 50 39 50 44 50 50 50 42 29 50 50 50 46 50 50 17 50 50 50 50 50 50 50 50 50 40 50 50 43 50 50]
  [50 50 50 50 50 50 50 50 50 50 33 50 50 50 50 50 19 50 50 50 50 50 28 50 50 50 50 27 50 20 50 37 50 50 50 19 50 0 50 50 50 50 50 50 50 25 50 50 50 50 50 50 50 50 50 50 30 50 50 50 50 32 50 50 50 50 50 50 50 42 50 50 50 50 50 50 50 50 50 50 50 50 50 50 50 50 50 50 50 23 50 50 41 46 50 50 50 50 50 50 50 50 50 50 20 31 50 50 50 50 50 50 50 50 50 50 50 21 50 50 50 10 50 50 50 50 50 50 50 21 50 50 50 50 50 50 50 21 50 50 50 50 50 50 50 23 50 50 50 50]
  [50 50 50 50 50 50 50 22 50 50 50 50 50 50 50 40 50 21 50 50 50 22 50 50 50 50 50 50 50 50 50 50 50 50 50 50 13 50 0 50 50 50 50 50 50 50 50 50 50 50 50 22 50 50 50 50 50 50 50 50 50 50 50 50 50 50 50 25 50 50 50 50 50 50 50 46 50 12 50 50 50 50 50 50 50 44 50 50 50 50 50 50 50 50 50 50 50 50 50 50 50 50 50 24 50 50 50 50 50 50 50 50 50 50 50 42 50 50 50 50 48 50 47 50 50 50 50 37 50 50 50 41 50 50 23 50 50 50 50 50 50 50 50 50 34 50 50 48 50 50]
  [39 49 50 50 50 50 50 43 50 50 50 50 50 50 50 39 50 50 45 28 50 35 50 50 50 50 22 50 50 50 3 50 25 38 50 50 42 50 50 0 50 50 50 45 50 50 50 44 28 50 50 36 50 50 50 50 50 50 30 50 50 50 50 9 50 50 50 50 50 50 35 50 50 39 29 50 50 50 50 50 50 50 50 50 42 16 50 50 50 50 50 50 50 50 50 50 50 46 50 11 50 44 31 43 50 50 50 38 50 50 50 50 50 50 50 25 41 50 50 50 7 50 50 50 50 50 34 16 50 50 33 50 50 50 50 50 50 50 50 50 50 50 50 28 50 50 50 50 50 47]
  [50 50 50 50 50 28 45 50 13 50 50 50 50 23 50 50 50 50 50 50 50 50 50 50 50 50 50 50 50 50 50 50 50 50 50 50 50 50 50 50 0 50 50 50 50 50 50 50 50 27 50 50 50 50 50 30 50 50 50 50 50 50 50 50 50 50 20 50 50 50 50 50 17 50 50 50 50 50 50 50 13 50 50 50 50 50 50 50 50 50 50 50 50 50 50 50 50 50 50 50 50 50 50 50 50 50 50 50 50 50 50 50 50 50 50 50 50 50 17 50 50 50 50 50 50 50 50 50 50 50 50 50 50 50 50 50 50 50 50 38 50 50 50 50 50 50 50 50 50 50]
  [50 50 50 24 23 50 50 50 50 50 50 30 44 50 38 50 50 50 50 50 50 50 50 12 50 50 50 50 34 50 50 50 50 50 50 50 50 50 50 50 50 0 50 50 34 50 50 50 50 50 50 50 50 50 35 50 50 50 50 50 50 50 50 50 50 50 50 50 50 50 50 50 50 50 50 50 50 50 50 50 50 50 27 48 50 50 50 50 50 50 50 42 50 39 50 47 22 50 46 50 50 50 50 50 50 50 41 50 50 50 50 20 50 50 50 50 50 50 50 50 50 50 50 50 50 50 50 50 50 50 50 50 29 44 50 23 50 50 50 50 44 50 50 50 50 50 50 50 50 50]
  [50 50 50 50 50 35 18 49 50 50 50 50 50 44 50 50 50 50 50 50 20 50 50 50 50 36 50 50 50 50 50 50 50 50 50 50 50 50 50 50 50 50 0 50 50 50 50 50 50 50 50 50 50 50 50 40 50 46 50 50 50 50 40 50 50 50 50 33 8 50 50 50 50 50 50 34 50 47 45 36 50 40 50 50 50 50 50 50 50 50 50 50 50 50 50 50 50 50 50 50 50 50 50 49 50 50 50 50 38 24 34 50 50 50 50 50 50 50 47 50 50 50 11 50 22 50 50 50 50 50 50 50 50 50 39 50 50 50 24 50 50 50 50 50 50 50 50 16 50 50]
  [46 50 50 50 50 50 50 50 50 50 50 50 50 50 50 50 50 50 50 50 50 50 50 50 50 50 26 50 50 50 42 50 43 9 50 50 50 50 50 45 50 50 50 0 50 50 15 50 50 50 50 50 50 50 50 50 50 50 50 50 39 50 50 50 50 50 50 50 50 50 24 50 50 27 41 50 44 50 50 50 50 50 50 50 14 41 50 50 34 50 50 50 50 50 50 50 50 50 50 50 50 18 50 50 50 50 50 49 50 50 50 50 50 50 16 50 32 50 50 48 42 50 50 50 50 45 50 49 50 50 35 50 50 50 50 50 50 50 50 50 50 11 50 28 50 50 50 50 50 4]
  [50 50 50 10 50 50 50 50 50 32 50 15 19 50 9 50 50 50 50 50 50 50 50 45 35 50 50 50 32 50 50 50 50 50 45 50 50 50 50 50 50 34 50 50 0 50 50 50 50 50 50 50 50 50 6 50 50 50 50 50 50 50 50 50 34 50 50 50 50 50 50 50 50 50 50 50 46 50 50 50 50 50 50 35 50 50 50 36 50 50 50 8 50 50 50 36 36 42 12 50 37 50 50 50 50 50 12 49 50 50 50 39 50 50 50 50 50 50 50 50 50 50 50 50 50 50 50 50 50 50 50 50 29 50 50 40 50 50 50 50 50 50 50 50 50 50 50 50 50 50]
  [50 50 50 50 50 50 50 50 50 50 34 50 50 50 50 50 37 50 50 50 50 50 40 50 50 50 50 41 50 7 50 38 50 50 50 43 50 25 50 50 50 50 50 50 50 0 50 50 50 50 50 50 50 50 50 50 46 50 50 50 50 36 50 50 50 50 50 50 50 50 50 50 50 50 50 50 50 50 50 50 50 50 50 50 50 50 50 50 50 31 50 50 50 48 50 50 50 50 50 50 50 50 50 50 41 46 50 50 50 50 50 50 50 50 50 50 50 41 50 50 50 23 50 50 50 50 50 50 50 11 50 50 50 42 50 50 50 45 50 50 43 50 50 50 50 25 50 50 50 50]
  [50 50 50 50 50 50 50 50 50 50 50 50 50 50 50 50 50 50 50 50 50 50 50 50 50 50 41 50 50 50 50 50 50 23 50 50 50 50 50 50 50 50 50 15 50 50 0 50 50 50 50 50 50 50 50 50 50 50 50 50 47 50 50 50 50 50 50 50 50 50 36 50 50 35 50 50 50 50 50 50 50 50 50 50 23 50 50 50 29 50 50 50 50 50 50 50 50 50 50 50 50 25 50 50 50 50 50 50 50 50 50 50 50 50 8 50 40 50 50 50 50 50 50 50 50 46 50 50 50 50 48 50 50 50 50 50 50 50 50 50 50 17 50 40 50 50 50 50 50 14]
  [49 5 45 50 50 50 50 50 50 43 50 50 50 50 50 40 50 50 19 27 50 50 50 50 50 50 50 50 50 50 48 50 42 50 31 50 50 50 50 44 50 50 50 50 50 50 50 0 36 50 50 50 15 50 50 50 50 42 37 25 50 50 50 36 48 41 50 50 50 50 50 19 50 50 46 50 50 50 50 50 50 50 50 43 50 50 50 50 50 50 50 50 36 50 24 43 50 50 50 35 39 50 32 50 50 50 50 45 50 50 50 50 45 20 50 36 50 50 50 50 50 50 50 50 50 50 22 50 50 50 50 50 50 50 50 50 47 50 50 50 50 50 50 50 50 50 50 50 50 50]
  [15 42 50 50 50 50 50 50 50 36 50 50 42 50 50 50 50 50 26 40 50 50 50 50 32 50 41 50 50 50 30 50 7 49 34 50 50 50 50 28 50 50 50 50 50 50 50 36 0 50 50 50 50 50 50 50 50 50 2 47 33 50 50 23 25 50 50 50 50 50 28 50 50 50 10 50 41 50 50 50 50 50 50 42 50 42 50 33 50 50 50 50 50 50 50 43 50 20 50 29 35 50 6 50 50 50 47 11 50 50 50 50 50 50 50 43 50 50 50 50 34 50 50 50 50 50 42 44 50 50 18 50 50 50 50 50 50 50 50 50 50 49 50 48 50 50 50 50 50 50]
  [50 50 50 50 50 50 50 50 40 50 50 50 50 38 50 50 50 50 50 50 50 50 50 50 50 50 50 50 50 50 50 50 50 50 50 50 50 50 50 50 27 50 50 50 50 50 50 50 50 0 25 50 50 50 50 43 50 50 50 50 50 50 50 50 50 50 11 50 50 48 50 50 44 50 50 50 50 50 50 50 24 50 50 50 50 50 50 50 50 50 37 50 50 50 50 50 50 50 50 50 50 50 50 50 50 50 50 50 50 50 50 50 50 50 50 50 50 50 37 50 50 50 50 50 50 50 50 50 50 50 50 50 50 50 50 50 50 50 50 16 50 50 50 50 50 50 50 50 31 50]
  [50 50 50 50 50 50 50 50 50 50 50 50 50 50 50 50 50 50 50 50 50 50 42 50 50 50 50 41 50 50 50 50 50 50 50 50 50 50 50 50 50 50 50 50 50 50 50 50 50 25 0 50 50 50 50 50 37 50 50 50 50 49 50 50 50 50 33 50 50 25 50 50 50 50 50 50 50 50 50 50 46 50 50 50 50 50 50 50 50 50 27 50 50 50 50 50 50 50 50 50 50 50 50 50 50 50 50 50 50 50 50 50 50 50 50 50 50 50 50 50 50 50 50 45 50 50 50 50 36 50 50 50 50 50 50 50 50 50 50 16 50 50 40 50 50 50 50 50 15 50]
  [50 50 50 50 50 50 50 30 50 50 50 50 50 50 50 42 50 38 50 46 50 22 50 50 50 50 35 50 50 50 34 50 50 50 50 50 21 50 22 36 50 50 50 50 50 50 50 50 50 50 50 0 50 50 50 50 50 50 50 50 50 50 50 43 50 50 50 45 50 50 50 50 50 38 50 50 50 29 50 50 50 50 50 50 50 24 50 50 50 50 50 50 50 50 50 50 50 50 50 39 50 48 50 32 50 50 50 50 50 50 50 50 50 50 50 36 34 50 50 42 30 50 50 50 50 47 50 20 50 50 50 26 50 50 38 50 50 50 50 50 50 50 50 33 22 50 39 50 50 50]
  [50 11 31 50 50 50 50 50 50 50 50 50 50 50 50 34 50 50 34 27 50 50 50 50 50 50 50 50 50 50 50 50 50 50 44 50 50 50 50 50 50 50 50 50 50 50 50 15 50 50 50 50 0 40 50 50 50 28 50 33 50 50 50 43 50 28 50 50 50 50 50 11 50 50 50 50 50 50 50 40 50 50 50 50 50 50 50 50 50 50 50 50 30 50 10 50 50 50 50 41 50 50 46 50 50 50 50 50 36 50 50 50 32 6 50 36 50 50 50 50 50 50 50 50 50 50 20 50 50 50 50 50 50 50 50 50 35 50 50 50 50 50 50 50 50 50 50 50 50 50]
  [50 49 10 50 50 50 48 50 50 50 50 50 50 38 50 50 50 50 50 50 50 50 50 50 50 50 50 50 50 50 50 50 50 50 50 48 50 50 50 50 50 50 50 50 50 50 50 50 50 50 50 50 40 0 50 33 50 29 50 50 50 50 50 50 50 14 44 50 50 50 50 36 50 50 50 50 50 50 50 27 42 50 50 50 50 50 50 50 50 50 29 50 35 50 36 50 50 50 50 50 50 50 50 50 50 50 50 50 31 50 50 50 12 34 50 50 50 50 44 50 50 50 50 50 50 50 50 50 50 50 50 50 50 50 50 50 14 47 37 41 50 50 50 50 50 50 50 50 50 50]
  [46 50 50 13 50 50 50 50 50 26 50 11 13 50 15 50 50 50 50 50 50 50 50 45 32 50 50 50 27 50 50 50 50 50 39 50 50 50 50 50 50 35 50 50 6 50 50 50 50 50 50 50 50 50 0 50 50 50 50 50 48 50 50 50 29 50 50 50 50 50 50 50 50 50 50 50 46 50 50 50 50 50 50 29 50 50 50 34 50 50 50 12 50 50 50 30 33 38 12 50 31 50 50 50 50 50 7 45 50 50 50 37 50 50 50 50 50 50 50 50 50 50 50 50 50 50 50 50 50 50 50 50 25 50 50 44 50 50 50 50 50 50 50 50 50 50 50 50 50 50]
  [50 50 37 50 50 20 22 50 28 50 50 50 50 7 50 50 50 50 50 50 50 50 50 50 50 50 50 50 50 50 50 50 50 50 50 50 50 50 50 50 30 50 40 50 50 50 50 50 50 43 50 50 50 33 50 0 50 43 50 50 50 50 50 50 50 47 32 50 39 50 50 50 30 50 50 50 50 50 50 30 21 50 50 50 50 50 50 50 50 50 48 50 50 50 50 50 50 50 50 50 50 50 50 50 50 50 50 50 37 49 50 50 45 50 50 50 50 50 14 50 50 50 47 50 50 50 50 50 50 50 50 50 50 50 50 50 47 50 27 43 50 50 50 50 50 50 50 41 50 50]
  [50 50 50 50 50 50 50 50 50 50 50 50 50 50 50 50 45 50 50 50 50 50 9 50 50 50 50 5 50 44 50 24 50 50 50 21 50 30 50 50 50 50 50 50 50 46 50 50 50 50 37 50 50 50 50 50 0 50 50 50 50 20 50 50 50 50 50 50 50 12 50 50 50 50 50 50 50 50 50 50 50 50 50 50 50 50 50 50 50 50 31 50 47 50 50 50 50 50 50 50 50 50 50 50 42 50 50 50 50 50 50 50 50 50 50 50 50 45 50 50 50 24 50 42 50 50 50 50 28 36 50 50 50 50 50 50 47 20 50 45 50 50 33 50 50 50 50 50 46 50]
  [50 39 20 50 50 50 43 40 50 50 50 50 50 50 50 26 50 50 50 34 50 46 50 50 50 50 50 50 50 50 50 50 50 50 50 50 50 50 50 50 50 50 46 50 50 50 50 42 50 50 50 50 28 29 50 43 50 0 50 50 50 50 50 50 50 29 50 50 38 50 50 34 50 50 50 50 50 49 50 13 50 50 50 50 50 50 50 50 50 50 50 50 47 50 18 50 50 50 50 50 50 50 50 37 50 50 50 50 8 50 50 50 32 26 50 38 50 50 50 50 50 50 41 50 50 50 30 50 50 50 50 50 50 50 40 50 36 50 25 50 50 50 50 50 50 50 50 31 50 50]
  [13 42 50 50 50 50 50 50 50 34 50 50 40 50 50 50 50 50 25 42 50 50 50 50 30 50 43 50 50 50 32 50 8 50 33 50 50 50 50 30 50 50 50 50 50 50 50 37 2 50 50 50 50 50 50 50 50 50 0 46 32 50 50 25 22 50 50 50 50 50 29 50 50 50 10 50 40 50 50 50 50 50 50 39 50 45 50 31 50 50 50 50 50 50 50 41 50 18 48 31 33 50 5 50 50 50 45 10 50 50 50 50 50 50 50 45 50 50 50 50 37 50 50 50 50 50 44 47 50 50 18 50 50 50 50 50 50 50 50 50 50 49 50 50 50 50 50 50 50 50]
  [50 24 50 50 50 50 50 50 50 31 48 49 46 50 50 50 36 50 22 50 50 50 50 50 50 50 50 50 36 50 50 50 50 50 19 50 50 50 50 50 50 50 50 50 50 50 50 25 47 50 50 50 33 50 50 50 50 50 46 0 50 50 50 50 46 47 50 50 50 50 50 27 50 50 50 50 50 50 50 50 50 50 50 27 50 50 50 50 50 44 50 50 30 47 43 26 47 50 50 50 27 50 41 50 35 28 50 50 50 50 50 50 50 34 50 50 50 33 50 50 50 50 50 50 50 50 46 50 50 50 50 50 41 50 50 50 50 50 50 50 50 50 50 50 50 50 50 50 50 50]
  [19 50 50 50 50 50 50 50 50 48 50 50 42 50 49 50 50 50 50 50 50 50 50 50 16 50 50 50 50 50 50 50 30 45 50 50 50 50 50 50 50 50 50 39 50 50 47 50 33 50 50 50 50 50 48 50 50 50 32 50 0 50 50 50 29 50 50 50 50 50 20 50 50 50 25 50 9 50 50 50 50 50 50 50 50 50 50 14 50 50 50 43 50 50 50 50 50 19 38 50 50 50 37 50 50 50 43 24 50 50 50 50 50 50 50 50 50 50 50 50 50 50 50 50 50 50 50 50 50 50 18 50 50 50 50 50 50 50 50 50 50 31 50 50 50 50 50 50 50 37]
  [50 50 50 50 50 50 50 50 50 50 50 50 50 50 50 50 50 50 50 50 50 50 11 50 50 50 50 15 50 37 50 6 50 50 50 35 50 32 50 50 50 50 50 50 50 36 50 50 50 50 49 50 50 50 50 50 20 50 50 50 50 0 50 50 50 50 50 50 50 27 50 50 50 50 50 50 50 50 50 50 50 50 50 50 50 50 50 50 50 50 50 50 50 50 50 50 50 50 50 50 50 50 50 50 50 50 50 50 50 50 50 50 50 50 50 50 50 50 50 50 50 23 50 32 50 50 50 50 22 25 50 50 50 50 50 50 50 35 50 50 50 50 25 50 50 50 50 50 50 50]
  [50 50 50 50 50 50 50 50 50 50 50 50 50 50 50 50 50 47 50 50 24 50 50 50 50 21 50 50 50 50 50 50 50 50 50 50 50 50 50 50 50 50 40 50 50 50 50 50 50 50 50 50 50 50 50 50 50 50 50 50 50 50 0 50 50 50 50 40 45 50 50 50 50 50 50 13 50 50 28 50 50 33 50 50 50 50 40 50 50 50 50 50 50 50 50 50 50 50 50 50 50 50 50 50 50 50 50 50 50 35 29 50 50 50 50 50 50 50 50 50 50 50 40 50 28 50 50 50 50 50 50 50 50 50 50 50 50 50 50 50 50 50 50 50 50 50 50 50 50 50]
  [36 40 50 50 50 50 50 44 50 50 50 50 50 50 50 36 50 50 37 23 50 37 50 50 50 50 31 50 50 50 12 50 22 46 50 50 45 50 50 9 50 50 50 50 50 50 50 36 23 50 50 43 43 50 50 50 50 50 25 50 50 50 50 0 47 50 50 50 50 50 37 50 50 48 26 50 50 50 50 50 50 50 50 50 50 24 50 50 50 50 50 50 50 50 45 50 50 42 50 6 50 50 25 44 50 50 50 34 50 50 50 50 50 50 50 22 50 50 50 50 16 50 50 50 50 50 28 23 50 50 33 50 50 50 50 50 50 50 50 50 50 50 50 36 50 50 50 50 50 50]
  [18 50 50 42 50 50 50 50 50 19 50 33 18 50 39 50 50 50 30 50 50 50 50 50 16 50 50 50 37 50 50 50 28 50 27 50 50 50 50 50 50 50 50 50 34 50 50 48 25 50 50 50 50 50 29 50 50 50 22 46 29 50 50 47 0 50 50 50 50 50 39 50 50 50 26 50 32 50 50 50 50 50 50 26 50 50 50 18 50 50 50 32 50 50 50 28 50 12 26 50 21 50 23 50 50 50 23 16 50 50 50 50 50 50 50 50 50 50 50 50 50 50 50 50 50 50 50 50 50 50 28 50 40 50 50 50 50 50 50 50 50 50 50 50 50 50 50 50 50 50]
  [50 36 12 50 50 50 50 50 50 50 50 50 50 50 50 50 50 50 50 50 50 50 50 50 50 50 50 50 50 50 50 50 50 50 50 41 50 50 50 50 50 50 50 50 50 50 50 41 50 50 50 50 28 14 50 47 50 29 50 47 50 50 50 50 50 0 50 50 50 50 50 23 50 50 50 50 50 50 50 33 50 50 50 50 50 50 50 50 50 50 34 50 22 50 28 50 50 50 50 50 50 50 50 50 48 50 50 50 34 50 50 50 4 22 50 50 50 50 50 50 50 50 50 50 50 50 45 50 50 50 50 50 50 50 50 50 7 40 45 50 50 50 50 50 50 50 50 50 50 50]
  [50 50 50 50 50 41 50 50 31 50 50 50 50 27 50 50 50 50 50 50 50 50 50 50 50 50 50 50 50 50 50 50 50 50 50 50 50 50 50 50 20 50 50 50 50 50 50 50 50 11 33 50 50 44 50 32 50 50 50 50 50 50 50 50 50 50 0 50 50 50 50 50 35 50 50 50 50 50 50 50 13 50 50 50 50 50 50 50 50 50 36 50 50 50 50 50 50 50 50 50 50 50 50 50 50 50 50 50 50 50 50 50 50 50 50 50 50 50 26 50 50 50 50 50 50 50 50 50 50 50 50 50 50 50 50 50 50 50 50 19 50 50 50 50 50 50 50 50 41 50]
  [50 50 50 50 50 50 50 25 50 50 50 50 50 50 50 40 50 29 50 50 40 34 50 50 50 50 50 50 50 50 50 50 50 50 50 50 27 50 25 50 50 50 33 50 50 50 50 50 50 50 50 45 50 50 50 50 50 50 50 50 50 50 40 50 50 50 50 0 30 50 50 50 50 50 50 27 50 17 50 50 50 50 50 50 50 50 50 50 50 50 50 50 50 50 50 50 50 50 50 50 50 50 50 26 50 50 50 50 46 50 50 50 50 50 50 49 50 50 50 50 50 50 23 50 45 50 50 50 50 50 50 50 50 50 15 50 50 50 43 50 50 50 50 50 50 50 50 27 50 50]
  [50 50 50 50 50 39 20 42 50 50 50 50 50 44 50 45 50 50 50 50 28 50 50 50 50 44 50 50 50 50 50 50 50 50 50 50 50 50 50 50 50 50 8 50 50 50 50 50 50 50 50 50 50 50 50 39 50 38 50 50 50 50 45 50 50 50 50 30 0 50 50 50 50 50 50 38 50 42 50 29 50 48 50 50 50 50 50 50 50 50 50 50 50 50 50 50 50 50 50 50 50 50 50 42 50 50 50 50 30 32 43 50 50 50 50 50 50 50 48 50 50 50 8 50 30 50 50 50 50 50 50 50 50 50 33 50 50 50 18 50 50 50 50 50 50 50 50 8 50 50]
  [50 50 50 50 50 50 50 50 50 50 50 50 50 50 50 50 50 50 50 50 50 50 18 50 50 50 50 16 50 50 50 30 50 50 50 30 50 42 50 50 50 50 50 50 50 50 50 50 50 48 25 50 50 50 50 50 12 50 50 50 50 27 50 50 50 50 50 50 50 0 50 50 50 50 50 50 50 50 50 50 50 50 50 50 50 50 50 50 50 50 24 50 50 50 50 50 50 50 50 50 50 50 50 50 50 50 50 50 50 50 50 50 50 50 50 50 50 50 50 50 50 36 50 39 50 50 50 50 26 47 50 50 50 50 50 50 46 28 50 34 50 50 31 50 50 50 50 50 34 50]
  [22 50 50 50 50 50 50 50 50 50 50 50 50 50 50 50 50 50 50 50 50 50 50 50 33 50 30 50 50 50 34 50 22 26 50 50 50 50 50 35 50 50 50 24 50 50 36 50 28 50 50 50 50 50 50 50 50 50 29 50 20 50 50 37 39 50 50 50 50 50 0 50 50 42 19 50 28 50 50 50 50 50 50 50 33 40 50 32 50 50 50 50 50 50 50 50 50 28 50 43 50 38 34 50 50 50 50 26 50 50 50 50 50 50 39 50 46 50 50 50 37 50 50 50 50 50 50 47 50 50 12 50 50 50 50 50 50 50 50 50 50 20 50 35 50 50 50 50 50 23]
  [50 14 29 50 50 50 50 50 50 50 50 50 50 50 50 45 48 50 35 38 50 50 50 50 50 50 50 50 50 50 50 50 50 50 43 47 50 50 50 50 50 50 50 50 50 50 50 19 50 50 50 50 11 36 50 50 50 34 50 27 50 50 50 50 50 23 50 50 50 50 50 0 50 50 50 50 50 50 50 44 50 50 50 50 50 50 50 50 50 50 50 50 19 50 19 50 50 50 50 50 50 50 50 50 43 46 50 50 42 50 50 50 26 8 50 47 50 43 50 50 50 50 50 50 50 50 31 50 50 50 50 50 50 50 50 50 28 47 50 50 50 50 50 50 50 50 50 50 50 50]
  [50 50 50 50 50 17 37 50 4 50 50 50 50 24 50 50 50 50 50 50 50 50 50 50 50 50 50 50 50 50 50 50 50 50 50 50 50 50 50 50 17 50 50 50 50 50 50 50 50 44 50 50 50 50 50 30 50 50 50 50 50 50 50 50 50 50 35 50 50 50 50 50 0 50 50 50 50 50 50 50 24 50 50 50 50 50 50 50 50 50 50 50 50 50 50 50 50 50 50 50 50 50 50 50 50 50 50 50 50 46 50 50 50 50 50 50 50 50 18 50 50 50 50 50 50 50 50 50 50 50 50 50 50 50 50 50 50 50 50 50 50 50 50 50 50 50 50 50 50 50]
  [50 50 50 50 50 50 50 50 50 50 50 50 50 50 50 50 50 50 50 50 50 50 50 50 50 50 18 50 50 50 36 50 50 18 50 50 50 50 50 39 50 50 50 27 50 50 35 50 50 50 50 38 50 50 50 50 50 50 50 50 50 50 50 48 50 50 50 50 50 50 42 50 50 0 50 50 50 50 50 50 50 50 50 50 13 27 50 50 29 50 50 50 50 50 50 50 50 50 50 50 50 10 50 50 50 50 50 50 50 50 50 50 50 50 29 50 5 50 50 24 33 50 50 50 50 24 50 34 50 50 50 30 50 50 50 50 50 50 50 50 50 38 50 12 36 50 28 50 50 30]
  [10 50 50 50 50 50 50 50 50 41 50 50 44 50 50 50 50 50 35 47 50 50 50 50 28 50 36 50 50 50 30 50 5 41 42 50 50 50 50 29 50 50 50 41 50 50 50 46 10 50 50 50 50 50 50 50 50 50 10 50 25 50 50 26 26 50 50 50 50 50 19 50 50 50 0 50 34 50 50 50 50 50 50 48 47 40 50 28 50 50 50 50 50 50 50 50 50 18 49 33 41 50 15 50 50 50 49 11 50 50 50 50 50 50 50 48 50 50 50 50 34 50 50 50 50 50 50 44 50 50 8 50 50 50 50 50 50 50 50 50 50 39 50 43 50 50 50 50 50 41]
  [50 50 50 50 50 50 50 50 50 50 50 50 50 50 50 50 50 36 50 50 25 50 50 50 50 30 50 50 50 50 50 50 50 50 50 50 50 50 46 50 50 50 34 50 50 50 50 50 50 50 50 50 50 50 50 50 50 50 50 50 50 50 13 50 50 50 50 27 38 50 50 50 50 50 50 0 50 43 39 50 50 41 50 50 50 50 50 50 50 50 50 50 50 50 50 50 50 50 50 50 50 50 50 50 50 50 50 50 50 38 37 50 50 50 50 50 50 50 50 50 50 50 31 50 31 50 50 50 50 50 50 50 50 50 42 50 50 50 50 50 50 50 50 50 50 50 50 41 50 50]
  [27 50 50 50 50 50 50 50 50 50 50 50 42 50 45 50 50 50 50 50 50 50 50 50 17 50 50 50 50 50 50 50 38 50 50 50 50 50 50 50 50 50 50 44 46 50 50 50 41 50 50 50 50 50 46 50 50 50 40 50 9 50 50 50 32 50 50 50 50 50 28 50 50 50 34 50 0 50 50 50 50 50 50 50 50 50 50 14 50 50 50 39 50 50 50 50 50 24 35 50 50 50 44 50 50 50 42 31 50 50 50 50 50 50 50 50 50 50 50 50 50 50 50 50 50 50 50 50 50 50 27 50 50 50 50 50 50 50 50 50 50 35 50 50 50 50 50 50 50 42]
  [50 50 50 50 50 50 50 13 50 50 50 50 50 50 50 31 50 28 50 43 50 18 50 50 50 50 50 50 50 50 50 50 50 50 50 50 10 50 12 50 50 50 47 50 50 50 50 50 50 50 50 29 50 50 50 50 50 49 50 50 50 50 50 50 50 50 50 17 42 50 50 50 50 50 50 43 50 0 50 50 50 50 50 50 50 47 50 50 50 50 50 50 50 50 50 50 50 50 50 48 50 50 50 15 50 50 50 50 47 50 50 50 50 50 50 36 50 50 50 50 49 50 36 50 50 50 48 39 50 50 50 50 50 50 11 50 50 50 50 50 50 50 50 50 45 50 50 37 50 50]
  [50 50 50 50 50 50 50 50 50 50 50 50 50 50 50 50 50 50 50 50 25 50 50 50 50 10 50 50 50 50 50 50 50 50 50 50 50 50 50 50 50 50 45 50 50 50 50 50 50 50 50 50 50 50 50 50 50 50 50 50 50 50 28 50 50 50 50 50 50 50 50 50 50 50 50 39 50 50 0 50 50 9 50 50 50 50 12 50 50 50 50 50 50 50 50 50 50 50 50 50 50 50 50 50 50 50 50 50 50 24 12 50 50 50 50 50 50 50 50 50 50 50 50 50 23 50 50 50 50 50 50 50 50 50 50 50 50 50 50 50 50 50 50 50 50 50 50 50 50 50]
  [50 50 21 50 50 44 30 46 50 50 50 50 50 38 50 36 50 50 50 46 50 50 50 50 50 50 50 50 50 50 50 50 50 50 50 50 50 50 50 50 50 50 36 50 50 50 50 50 50 50 50 50 40 27 50 30 50 13 50 50 50 50 50 50 50 33 50 50 29 50 50 44 50 50 50 50 50 50 50 0 49 50 50 50 50 50 50 50 50 50 50 50 50 50 31 50 50 50 50 50 50 50 50 44 50 50 50 50 7 50 50 50 34 37 50 50 50 50 44 50 50 50 35 50 50 50 43 50 50 50 50 50 50 50 42 50 38 50 13 50 50 50 50 50 50 50 50 25 50 50]
  [50 50 50 50 50 28 40 50 20 50 50 50 50 15 50 50 50 50 50 50 50 50 50 50 50 50 50 50 50 50 50 50 50 50 50 50 50 50 50 50 13 50 50 50 50 50 50 50 50 24 46 50 50 42 50 21 50 50 50 50 50 50 50 50 50 50 13 50 50 50 50 50 24 50 50 50 50 50 50 49 0 50 50 50 50 50 50 50 50 50 44 50 50 50 50 50 50 50 50 50 50 50 50 50 50 50 50 50 50 50 50 50 50 50 50 50 50 50 12 50 50 50 50 50 50 50 50 50 50 50 50 50 50 50 50 50 50 50 48 30 50 50 50 50 50 50 50 50 50 50]
  [50 50 50 50 50 48 46 50 50 50 50 50 50 50 50 50 50 50 50 50 22 50 50 50 50 12 50 50 50 50 50 50 50 50 50 50 50 50 50 50 50 50 40 50 50 50 50 50 50 50 50 50 50 50 50 50 50 50 50 50 50 50 33 50 50 50 50 50 48 50 50 50 50 50 50 41 50 50 9 50 50 0 50 50 50 50 15 50 50 50 50 50 50 50 50 50 50 50 50 50 50 50 50 50 50 50 50 50 50 17 6 50 50 50 50 50 50 50 50 50 50 50 48 50 18 50 50 50 50 50 50 50 50 50 50 50 50 50 50 50 50 50 50 50 50 50 50 50 50 50]
  [50 50 50 44 30 50 50 50 50 50 26 40 50 50 50 50 45 50 50 50 50 50 50 17 50 50 50 50 31 50 50 50 50 50 50 50 50 50 50 50 50 27 50 50 50 50 50 50 50 50 50 50 50 50 50 50 50 50 50 50 50 50 50 50 50 50 50 50 50 50 50 50 50 50 50 50 50 50 50 50 50 50 0 46 50 50 50 50 50 36 50 50 50 13 50 44 17 50 50 50 50 50 50 50 50 39 50 50 50 50 50 13 50 50 50 50 50 49 50 50 50 50 50 50 50 50 50 50 50 50 50 50 29 20 50 49 50 50 50 50 22 50 50 50 50 37 50 50 50 50]
  [42 45 50 37 50 50 50 50 50 7 50 23 19 50 43 50 50 50 26 50 50 50 50 50 40 50 50 50 15 50 50 50 47 50 12 50 50 50 50 50 50 48 50 50 35 50 50 43 42 50 50 50 50 50 29 50 50 50 39 27 50 50 50 50 26 50 50 50 50 50 50 50 50 50 48 50 50 50 50 50 50 50 46 0 50 50 50 43 50 50 50 39 50 43 50 2 31 37 35 50 7 50 37 50 50 41 25 38 50 50 50 35 50 50 50 50 50 50 50 50 50 50 50 50 50 50 50 50 50 50 50 50 20 50 50 50 50 50 50 50 50 50 50 50 50 50 50 50 50 50]
  [50 50 50 50 50 50 50 50 50 50 50 50 50 50 50 50 50 50 50 50 50 50 50 50 50 50 20 50 50 50 39 50 48 7 50 50 50 50 50 42 50 50 50 14 50 50 23 50 50 50 50 50 50 50 50 50 50 50 50 50 50 50 50 50 50 50 50 50 50 50 33 50 50 13 47 50 50 50 50 50 50 50 50 50 0 34 50 50 26 50 50 50 50 50 50 50 50 50 50 50 50 5 50 50 50 50 50 50 50 50 50 50 50 50 18 50 18 50 50 34 38 50 50 50 50 32 50 42 50 50 44 43 50 50 50 50 50 50 50 50 50 25 50 18 50 50 40 50 50 17]
  [50 50 50 50 50 50 50 42 50 50 50 50 50 50 50 44 50 50 50 38 50 32 50 50 50 50 15 50 50 50 13 50 38 33 50 50 37 50 44 16 50 50 50 41 50 50 50 50 42 50 50 24 50 50 50 50 50 50 45 50 50 50 50 24 50 50 50 50 50 50 40 50 50 27 40 50 50 47 50 50 50 50 50 50 34 0 50 50 50 50 50 50 50 50 50 50 50 50 50 24 50 34 46 42 50 50 50 50 50 50 50 50 50 50 50 31 27 50 50 45 8 50 50 50 50 47 45 8 50 50 43 38 50 50 50 50 50 50 50 50 50 49 50 16 39 50 45 50 50 44]
  [50 50 50 50 50 50 50 50 50 50 50 50 50 50 50 50 50 50 50 50 36 50 50 50 50 22 50 50 50 50 50 50 50 50 50 50 50 50 50 50 50 50 50 50 50 50 50 50 50 50 50 50 50 50 50 50 50 50 50 50 50 50 40 50 50 50 50 50 50 50 50 50 50 50 50 50 50 50 12 50 50 15 50 50 50 50 0 50 50 50 50 50 50 50 50 50 50 50 50 50 50 50 50 50 50 50 50 50 50 32 20 50 50 50 50 50 50 50 50 50 50 50 50 50 33 50 50 50 50 50 50 50 50 50 50 50 50 50 50 50 50 50 50 50 50 50 50 50 50 50]
  [19 50 50 46 50 50 50 50 50 36 50 42 28 50 37 50 50 50 47 50 50 50 50 50 3 50 50 50 50 50 50 50 32 50 45 50 50 50 50 50 50 50 50 50 36 50 50 50 33 50 50 50 50 50 34 50 50 50 31 50 14 50 50 50 18 50 50 50 50 50 32 50 50 50 28 50 14 50 50 50 50 50 50 43 50 50 50 0 50 50 50 30 50 50 50 45 50 13 25 50 39 50 35 50 50 50 29 22 50 50 50 50 50 50 50 50 50 50 50 50 50 50 50 50 50 50 50 50 50 50 25 50 50 50 50 50 50 50 50 50 50 45 50 50 50 50 50 50 50 50]
  [50 50 50 50 50 50 50 50 50 50 50 50 50 50 50 50 50 50 50 50 50 50 50 50 50 50 45 50 50 50 50 50 50 32 50 50 50 50 50 50 50 50 50 34 50 50 29 50 50 50 50 50 50 50 50 50 50 50 50 50 50 50 50 50 50 50 50 50 50 50 50 50 50 29 50 50 50 50 50 50 50 50 50 50 26 50 50 50 0 50 50 50 50 50 50 50 50 50 50 50 50 23 50 50 50 50 50 50 50 50 50 50 50 50 21 50 30 50 50 28 50 50 50 50 50 22 50 50 50 50 50 46 50 50 50 50 50 50 50 50 50 42 50 40 50 50 35 50 50 36]
  [50 50 50 50 50 50 50 50 50 50 11 50 50 50 50 50 12 50 50 50 50 50 50 50 50 50 50 50 47 24 50 50 50 50 50 36 50 23 50 50 50 50 50 50 50 31 50 50 50 50 50 50 50 50 50 50 50 50 50 44 50 50 50 50 50 50 50 50 50 50 50 50 50 50 50 50 50 50 50 50 50 50 36 50 50 50 50 50 50 0 50 50 45 24 50 50 43 50 50 50 50 50 50 50 18 16 50 50 50 50 50 43 50 50 50 50 50 17 50 50 50 32 50 50 50 50 50 50 50 35 50 50 48 33 50 50 50 39 50 50 36 50 50 50 50 7 50 50 50 50]
  [50 50 38 50 50 50 50 50 50 50 50 50 50 49 50 50 50 50 50 50 50 50 39 50 50 50 50 36 50 50 50 50 50 50 50 35 50 50 50 50 50 50 50 50 50 50 50 50 50 37 27 50 50 29 50 48 31 50 50 50 50 50 50 50 50 34 36 50 50 24 50 50 50 50 50 50 50 50 50 50 44 50 50 50 50 50 50 50 50 50 0 50 42 50 50 50 50 50 50 50 50 50 50 50 50 50 50 50 50 50 50 50 30 50 50 50 50 50 50 50 50 50 50 50 50 50 50 50 48 50 50 50 50 50 50 50 27 32 50 22 50 50 50 50 50 50 50 50 42 50]
  [46 50 50 18 50 50 50 50 50 35 50 22 21 50 7 50 50 50 50 50 50 50 50 50 29 50 50 50 38 50 50 50 50 50 49 50 50 50 50 50 50 42 50 50 8 50 50 50 50 50 50 50 50 50 12 50 50 50 50 50 43 50 50 50 32 50 50 50 50 50 50 50 50 50 50 50 39 50 50 50 50 50 50 39 50 50 50 30 50 50 50 0 50 50 50 41 44 38 7 50 40 50 50 50 50 50 15 46 50 50 50 47 50 50 50 50 50 50 50 50 50 50 50 50 50 50 50 50 50 50 50 50 36 50 50 45 50 50 50 50 50 50 50 50 50 50 50 50 50 50]
  [50 31 34 50 50 50 50 50 50 50 50 50 50 50 50 50 33 50 47 50 50 50 50 50 50 50 50 49 50 50 50 50 50 50 49 28 50 41 50 50 50 50 50 50 50 50 50 36 50 50 50 50 30 35 50 50 47 47 50 30 50 50 50 50 50 22 50 50 50 50 50 19 50 50 50 50 50 50 50 50 50 50 50 50 50 50 50 50 50 45 42 50 0 50 37 50 50 50 50 50 50 50 50 50 27 35 50 50 50 50 50 50 23 26 50 50 50 28 50 50 50 47 50 50 50 50 50 50 50 50 50 50 50 50 50 50 22 28 50 50 50 50 50 50 50 50 50 50 50 50]
  [50 50 50 50 42 50 50 50 50 49 15 44 50 50 50 50 33 50 50 50 50 50 50 30 50 50 50 50 31 42 50 50 50 50 50 50 50 46 50 50 50 39 50 50 50 48 50 50 50 50 50 50 50 50 50 50 50 50 50 47 50 50 50 50 50 50 50 50 50 50 50 50 50 50 50 50 50 50 50 50 50 50 13 43 50 50 50 50 50 24 50 50 50 0 50 41 22 50 50 50 49 50 50 50 38 27 50 50 50 50 50 20 50 50 50 50 50 36 50 50 50 50 50 50 50 50 50 50 50 50 50 50 30 21 50 50 50 50 50 50 24 50 50 50 50 25 50 50 50 50]
  [50 21 26 50 50 50 50 44 50 50 50 50 50 50 50 26 50 50 42 24 50 46 50 50 50 50 50 50 50 50 50 50 50 50 50 50 50 50 50 50 50 50 50 50 50 50 50 24 50 50 50 50 10 36 50 50 50 18 50 43 50 50 50 45 50 28 50 50 50 50 50 19 50 50 50 50 50 50 50 31 50 50 50 50 50 50 50 50 50 50 50 50 37 50 0 50 50 50 50 41 50 50 50 42 50 50 50 50 26 50 50 50 31 11 50 32 50 50 50 50 50 50 50 50 50 50 17 50 50 50 50 50 50 50 48 50 35 50 43 50 50 50 50 50 50 50 50 48 50 50]
  [44 45 50 38 50 50 50 50 50 9 50 23 21 50 44 50 50 50 27 50 50 50 50 49 42 50 50 50 14 50 50 50 49 50 13 50 50 50 50 50 50 47 50 50 36 50 50 43 43 50 50 50 50 50 30 50 50 50 41 26 50 50 50 50 28 50 50 50 50 50 50 50 50 50 50 50 50 50 50 50 50 50 44 2 50 50 50 45 50 50 50 41 50 41 50 0 29 39 37 50 9 50 39 50 50 39 26 40 50 50 50 34 50 50 50 50 50 49 50 50 50 50 50 50 50 50 50 50 50 50 50 50 19 50 50 50 50 50 50 50 50 50 50 50 50 50 50 50 50 50]
  [50 50 50 30 37 50 50 50 50 36 36 23 36 50 44 50 49 50 50 50 50 50 50 21 50 50 50 50 16 50 50 50 50 50 41 50 50 50 50 50 50 22 50 50 36 50 50 50 50 50 50 50 50 50 33 50 50 50 50 47 50 50 50 50 50 50 50 50 50 50 50 50 50 50 50 50 50 50 50 50 50 50 17 31 50 50 50 50 50 43 50 44 50 22 50 29 0 50 45 50 37 50 50 50 50 40 36 50 50 50 50 5 50 50 50 50 50 50 50 50 50 50 50 50 50 50 50 50 50 50 50 50 12 37 50 44 50 50 50 50 39 50 50 50 50 47 50 50 50 50]
  [8 50 50 50 50 50 50 50 50 30 50 43 29 50 45 50 50 50 36 50 50 50 50 50 12 50 50 50 49 50 47 50 21 50 36 50 50 50 50 46 50 50 50 50 42 50 50 50 20 50 50 50 50 50 38 50 50 50 18 50 19 50 50 42 12 50 50 50 50 50 28 50 50 50 18 50 24 50 50 50 50 50 50 37 50 50 50 13 50 50 50 38 50 50 50 39 50 0 32 49 32 50 22 50 50 50 32 9 50 50 50 50 50 50 50 50 50 50 50 50 50 50 50 50 50 50 50 50 50 50 17 50 50 50 50 50 50 50 50 50 50 45 50 50 50 50 50 50 50 50]
  [39 50 50 22 50 50 50 50 50 31 50 22 16 50 13 50 50 50 50 50 50 50 50 50 23 50 50 50 37 50 50 50 50 50 44 50 50 50 50 50 50 46 50 50 12 50 50 50 50 50 50 50 50 50 12 50 50 50 48 50 38 50 50 50 26 50 50 50 50 50 50 50 50 50 49 50 35 50 50 50 50 50 50 35 50 50 50 25 50 50 50 7 50 50 50 37 45 32 0 50 35 50 49 50 50 50 11 40 50 50 50 48 50 50 50 50 50 50 50 50 50 50 50 50 50 50 50 50 50 50 48 50 36 50 50 50 50 50 50 50 50 50 50 50 50 50 50 50 50 50]
  [42 39 50 50 50 50 50 38 50 50 50 50 50 50 50 30 50 50 39 18 50 31 50 50 50 50 33 50 50 50 14 50 28 49 50 50 39 50 50 11 50 50 50 50 50 50 50 35 29 50 50 39 41 50 50 50 50 50 31 50 50 50 50 6 50 50 50 50 50 50 43 50 50 50 33 50 50 48 50 50 50 50 50 50 50 24 50 50 50 50 50 50 50 50 41 50 50 49 50 0 50 50 30 37 50 50 50 40 50 50 50 50 50 47 50 16 50 50 50 50 17 50 50 50 50 50 23 21 50 50 39 50 50 50 49 50 50 50 50 50 50 50 50 38 50 50 50 50 50 50]
  [35 41 50 41 50 50 50 50 50 5 50 27 20 50 45 50 50 50 21 50 50 50 50 50 36 50 50 50 22 50 50 50 40 50 8 50 50 50 50 50 50 50 50 50 37 50 50 39 35 50 50 50 50 50 31 50 50 50 33 27 50 50 50 50 21 50 50 50 50 50 50 50 50 50 41 50 50 50 50 50 50 50 50 7 50 50 50 39 50 50 50 40 50 49 50 9 37 32 35 50 0 50 30 50 50 45 26 32 50 50 50 42 50 50 50 50 50 50 50 50 50 50 50 50 50 50 50 50 50 50 45 50 26 50 50 50 50 50 50 50 50 50 50 50 50 50 50 50 50 50]
  [50 50 50 50 50 50 50 50 50 50 50 50 50 50 50 50 50 50 50 50 50 50 50 50 50 50 22 50 50 50 41 50 50 12 50 50 50 50 50 44 50 50 50 18 50 50 25 50 50 50 50 48 50 50 50 50 50 50 50 50 50 50 50 50 50 50 50 50 50 50 38 50 50 10 50 50 50 50 50 50 50 50 50 50 5 34 50 50 23 50 50 50 50 50 50 50 50 50 50 50 50 0 50 50 50 50 50 50 50 50 50 50 50 50 19 50 15 50 50 29 39 50 50 50 50 27 50 42 50 50 48 39 50 50 50 50 50 50 50 50 50 30 50 18 46 50 35 50 50 22]
  [18 37 50 50 50 50 50 50 50 32 50 50 39 50 50 50 50 50 20 39 50 50 50 50 33 50 46 50 50 50 34 50 12 50 29 50 50 50 50 31 50 50 50 50 50 50 50 32 6 50 50 50 46 50 50 50 50 50 5 41 37 50 50 25 23 50 50 50 50 50 34 50 50 50 15 50 44 50 50 50 50 50 50 37 50 46 50 35 50 50 50 50 50 50 50 39 50 22 49 30 30 50 0 50 50 50 45 13 50 50 50 50 50 50 50 43 50 50 50 50 38 50 50 50 50 50 40 47 50 50 23 50 50 50 50 50 50 50 50 50 50 50 50 50 50 50 50 50 50 50]
  [50 50 50 50 50 50 50 2 50 50 50 50 50 50 50 16 50 42 50 29 50 11 50 50 50 50 50 50 50 50 44 50 50 50 50 50 12 50 24 43 50 50 49 50 50 50 50 50 50 50 50 32 50 50 50 50 50 37 50 50 50 50 50 44 50 50 50 26 42 50 50 50 50 50 50 50 50 15 50 44 50 50 50 50 50 42 50 50 50 50 50 50 50 50 42 50 50 50 50 37 50 50 50 0 50 50 50 50 37 50 50 50 50 50 50 23 50 50 50 50 42 50 38 50 50 50 33 34 50 50 50 50 50 50 12 50 50 50 44 50 50 50 50 50 50 50 50 34 50 50]
  [50 50 50 50 50 50 50 50 50 50 29 50 50 50 50 50 6 50 50 50 50 50 44 50 50 50 50 42 50 34 50 50 50 50 50 22 50 20 50 50 50 50 50 50 50 41 50 50 50 50 50 50 50 50 50 50 42 50 50 35 50 50 50 50 50 48 50 50 50 50 50 43 50 50 50 50 50 50 50 50 50 50 50 50 50 50 50 50 50 18 50 50 27 38 50 50 50 50 50 50 50 50 50 50 0 14 50 50 50 50 50 50 48 50 50 50 50 3 50 50 50 29 50 50 50 50 50 50 50 40 50 50 50 50 50 50 46 25 50 50 50 50 50 50 50 24 50 50 50 50]
  [50 49 50 50 50 50 50 50 50 47 22 50 50 50 50 50 11 50 49 50 50 50 50 50 50 50 50 50 38 39 50 50 50 50 40 36 50 31 50 50 50 50 50 50 50 46 50 50 50 50 50 50 50 50 50 50 50 50 50 28 50 50 50 50 50 50 50 50 50 50 50 46 50 50 50 50 50 50 50 50 50 50 39 41 50 50 50 50 50 16 50 50 35 27 50 39 40 50 50 50 45 50 50 50 14 0 50 50 50 50 50 41 50 50 50 50 50 12 50 50 50 40 50 50 50 50 50 50 50 49 50 50 41 43 50 50 50 39 50 50 46 50 50 50 50 23 50 50 50 50]
  [39 50 50 20 50 50 50 50 50 21 50 13 6 50 19 50 50 50 45 50 50 50 50 49 27 50 50 50 26 50 50 50 50 50 34 50 50 50 50 50 50 41 50 50 12 50 50 50 47 50 50 50 50 50 7 50 50 50 45 50 43 50 50 50 23 50 50 50 50 50 50 50 50 50 49 50 42 50 50 50 50 50 50 25 50 50 50 29 50 50 50 15 50 50 50 26 36 32 11 50 26 50 45 50 50 50 0 38 50 50 50 39 50 50 50 50 50 50 50 50 50 50 50 50 50 50 50 50 50 50 49 50 25 50 50 50 50 50 50 50 50 50 50 50 50 50 50 50 50 50]
  [5 50 50 50 50 50 50 50 50 31 50 48 34 50 50 50 50 50 30 50 50 50 50 50 20 50 47 50 50 50 39 50 13 50 34 50 50 50 50 38 50 50 50 49 49 50 50 45 11 50 50 50 50 50 45 50 50 50 10 50 24 50 50 34 16 50 50 50 50 50 26 50 50 50 11 50 31 50 50 50 50 50 50 38 50 50 50 22 50 50 50 46 50 50 50 40 50 9 40 40 32 50 13 50 50 50 38 0 50 50 50 50 50 50 50 50 50 50 50 50 43 50 50 50 50 50 50 50 50 50 14 50 50 50 50 50 50 50 50 50 50 46 50 50 50 50 50 50 50 49]
  [50 47 24 50 50 50 35 39 50 50 50 50 50 45 50 29 50 50 50 39 50 47 50 50 50 50 50 50 50 50 50 50 50 50 50 50 49 50 50 50 50 50 38 50 50 50 50 50 50 50 50 50 36 31 50 37 50 8 50 50 50 50 50 50 50 34 50 46 30 50 50 42 50 50 50 50 50 47 50 7 50 50 50 50 50 50 50 50 50 50 50 50 50 50 26 50 50 50 50 50 50 50 50 37 50 50 50 50 0 50 50 50 36 34 50 43 50 50 50 50 50 50 34 50 50 50 36 50 50 50 50 50 50 50 37 50 40 50 17 50 50 50 50 50 50 50 50 24 50 50]
  [50 50 50 50 50 34 29 50 49 50 50 50 50 50 50 50 50 50 50 50 13 50 50 50 50 20 50 50 50 50 50 50 50 50 50 50 50 50 50 50 50 50 24 50 50 50 50 50 50 50 50 50 50 50 50 49 50 50 50 50 50 50 35 50 50 50 50 50 32 50 50 50 46 50 50 38 50 50 24 50 50 17 50 50 50 50 32 50 50 50 50 50 50 50 50 50 50 50 50 50 50 50 50 50 50 50 50 50 50 0 13 50 50 50 50 50 50 50 50 50 50 50 34 50 8 50 50 50 50 50 50 50 50 50 50 50 50 50 45 50 50 50 50 50 50 50 50 41 50 50]
  [50 50 50 50 50 46 42 50 50 50 50 50 50 50 50 50 50 50 50 50 16 50 50 50 50 9 50 50 50 50 50 50 50 50 50 50 50 50 50 50 50 50 34 50 50 50 50 50 50 50 50 50 50 50 50 50 50 50 50 50 50 50 29 50 50 50 50 50 43 50 50 50 50 50 50 37 50 50 12 50 50 6 50 50 50 50 20 50 50 50 50 50 50 50 50 50 50 50 50 50 50 50 50 50 50 50 50 50 50 13 0 50 50 50 50 50 50 50 50 50 50 50 42 50 12 50 50 50 50 50 50 50 50 50 50 50 50 50 50 50 50 50 50 50 50 50 50 50 50 50]
  [50 50 50 32 33 50 50 50 50 40 35 27 40 50 46 50 50 50 50 50 50 50 50 17 50 50 50 50 20 50 50 50 50 50 46 50 50 50 50 50 50 20 50 50 39 50 50 50 50 50 50 50 50 50 37 50 50 50 50 50 50 50 50 50 50 50 50 50 50 50 50 50 50 50 50 50 50 50 50 50 50 50 13 35 50 50 50 50 50 43 50 47 50 20 50 34 5 50 48 50 42 50 50 50 50 41 39 50 50 50 50 0 50 50 50 50 50 50 50 50 50 50 50 50 50 50 50 50 50 50 50 50 16 33 50 42 50 50 50 50 35 50 50 50 50 46 50 50 50 50]
  [50 40 13 50 50 50 50 50 50 50 50 50 50 50 50 50 50 50 50 50 50 50 50 50 50 50 50 50 50 50 50 50 50 50 50 39 50 50 50 50 50 50 50 50 50 50 50 45 50 50 50 50 32 12 50 45 50 32 50 50 50 50 50 50 50 4 50 50 50 50 50 26 50 50 50 50 50 50 50 34 50 50 50 50 50 50 50 50 50 50 30 50 23 50 31 50 50 50 50 50 50 50 50 50 48 50 50 50 36 50 50 50 0 26 50 50 50 50 50 50 50 50 50 50 50 50 48 50 50 50 50 50 50 50 50 50 4 38 46 47 50 50 50 50 50 50 50 50 50 50]
  [50 16 25 50 50 50 50 50 50 50 50 50 50 50 50 37 50 50 38 32 50 50 50 50 50 50 50 50 50 50 50 50 50 50 48 50 50 50 50 50 50 50 50 50 50 50 50 20 50 50 50 50 6 34 50 50 50 26 50 34 50 50 50 50 50 22 50 50 50 50 50 8 50 50 50 50 50 50 50 37 50 50 50 50 50 50 50 50 50 50 50 50 26 50 11 50 50 50 50 47 50 50 50 50 50 50 50 50 34 50 50 50 26 0 50 41 50 50 50 50 50 50 50 50 50 50 25 50 50 50 50 50 50 50 50 50 28 50 50 50 50 50 50 50 50 50 50 50 50 50]
  [50 50 50 50 50 50 50 50 50 50 50 50 50 50 50 50 50 50 50 50 50 50 50 50 50 50 37 50 50 50 50 50 50 20 50 50 50 50 50 50 50 50 50 16 50 50 8 50 50 50 50 50 50 50 50 50 50 50 50 50 50 50 50 50 50 50 50 50 50 50 39 50 50 29 50 50 50 50 50 50 50 50 50 50 18 50 50 50 21 50 50 50 50 50 50 50 50 50 50 50 50 19 50 50 50 50 50 50 50 50 50 50 50 50 0 50 34 50 50 43 50 50 50 50 50 38 50 50 50 50 50 50 50 50 50 50 50 50 50 50 50 22 50 36 50 50 50 50 50 16]
  [50 39 50 50 50 50 50 24 50 50 50 50 50 50 50 15 50 50 47 9 50 20 50 50 50 50 44 50 50 50 27 50 44 50 50 50 29 50 42 25 50 50 50 50 50 50 50 36 43 50 50 36 36 50 50 50 50 38 45 50 50 50 50 22 50 50 50 49 50 50 50 47 50 50 48 50 50 36 50 50 50 50 50 50 50 31 50 50 50 50 50 50 50 50 32 50 50 50 50 16 50 50 43 23 50 50 50 50 43 50 50 50 50 41 50 0 50 50 50 50 27 50 50 50 50 50 16 25 50 50 50 50 50 50 34 50 50 50 50 50 50 50 50 48 50 50 50 50 50 50]
  [50 50 50 50 50 50 50 50 50 50 50 50 50 50 50 50 50 50 50 50 50 50 50 50 50 50 20 50 50 50 37 50 50 23 50 50 50 50 50 41 50 50 50 32 50 50 40 50 50 50 50 34 50 50 50 50 50 50 50 50 50 50 50 50 50 50 50 50 50 50 46 50 50 5 50 50 50 50 50 50 50 50 50 50 18 27 50 50 30 50 50 50 50 50 50 50 50 50 50 50 50 15 50 50 50 50 50 50 50 50 50 50 50 50 34 50 0 50 50 20 34 50 50 50 50 21 50 34 50 50 50 24 50 50 50 50 50 50 50 50 50 43 50 14 31 50 24 50 50 36]
  [50 50 50 50 50 50 50 50 50 50 27 50 50 50 50 50 5 50 50 50 50 50 46 50 50 50 50 44 49 34 50 50 50 50 49 25 50 21 50 50 50 50 50 50 50 41 50 50 50 50 50 50 50 50 50 50 45 50 50 33 50 50 50 50 50 50 50 50 50 50 50 43 50 50 50 50 50 50 50 50 50 50 49 50 50 50 50 50 50 17 50 50 28 36 50 49 50 50 50 50 50 50 50 50 3 12 50 50 50 50 50 50 50 50 50 50 50 0 50 50 50 31 50 50 50 50 50 50 50 41 50 50 50 49 50 50 47 27 50 50 50 50 50 50 50 23 50 50 50 50]
  [50 50 50 50 50 16 29 50 15 50 50 50 50 6 50 50 50 50 50 50 50 50 50 50 50 50 50 50 50 50 50 50 50 50 50 50 50 50 50 50 17 50 47 50 50 50 50 50 50 37 50 50 50 44 50 14 50 50 50 50 50 50 50 50 50 50 26 50 48 50 50 50 18 50 50 50 50 50 50 44 12 50 50 50 50 50 50 50 50 50 50 50 50 50 50 50 50 50 50 50 50 50 50 50 50 50 50 50 50 50 50 50 50 50 50 50 50 50 0 50 50 50 50 50 50 50 50 50 50 50 50 50 50 50 50 50 50 50 39 42 50 50 50 50 50 50 50 50 50 50]
  [50 50 50 50 50 50 50 50 50 50 50 50 50 50 50 50 50 50 50 50 50 50 50 50 50 50 41 50 50 50 50 50 50 40 50 50 50 50 50 50 50 50 50 48 50 50 50 50 50 50 50 42 50 50 50 50 50 50 50 50 50 50 50 50 50 50 50 50 50 50 50 50 50 24 50 50 50 50 50 50 50 50 50 50 34 45 50 50 28 50 50 50 50 50 50 50 50 50 50 50 50 29 50 50 50 50 50 50 50 50 50 50 50 50 43 50 20 50 50 0 50 50 50 50 50 6 50 49 50 50 50 18 50 50 50 50 50 50 50 50 50 50 50 34 27 50 7 50 50 50]
  [44 50 50 50 50 50 50 42 50 50 50 50 50 50 50 41 50 50 50 33 50 32 50 50 50 50 18 50 50 50 4 50 31 35 50 50 39 50 48 7 50 50 50 42 50 50 50 50 34 50 50 30 50 50 50 50 50 50 37 50 50 50 50 16 50 50 50 50 50 50 37 50 50 33 34 50 50 49 50 50 50 50 50 50 38 8 50 50 50 50 50 50 50 50 50 50 50 50 50 17 50 39 38 42 50 50 50 43 50 50 50 50 50 50 50 27 34 50 50 50 0 50 50 50 50 50 39 11 50 50 37 46 50 50 50 50 50 50 50 50 50 49 50 22 47 50 50 50 50 45]
  [50 50 50 50 50 50 50 50 50 50 41 50 50 50 50 50 29 50 50 50 50 50 20 50 50 50 50 20 50 20 50 28 50 50 50 21 50 10 50 50 50 50 50 50 50 23 50 50 50 50 50 50 50 50 50 50 24 50 50 50 50 23 50 50 50 50 50 50 50 36 50 50 50 50 50 50 50 50 50 50 50 50 50 50 50 50 50 50 50 32 50 50 47 50 50 50 50 50 50 50 50 50 50 50 29 40 50 50 50 50 50 50 50 50 50 50 50 31 50 50 50 0 50 50 50 50 50 50 44 16 50 50 50 50 50 50 50 23 50 50 50 50 47 50 50 30 50 50 50 50]
  [50 50 50 50 50 45 27 38 50 50 50 50 50 50 50 44 50 50 50 50 27 48 50 50 50 42 50 50 50 50 50 50 50 50 50 50 44 50 47 50 50 50 11 50 50 50 50 50 50 50 50 50 50 50 50 47 50 41 50 50 50 50 40 50 50 50 50 23 8 50 50 50 50 50 50 31 50 36 50 35 50 48 50 50 50 50 50 50 50 50 50 50 50 50 50 50 50 50 50 50 50 50 50 38 50 50 50 50 34 34 42 50 50 50 50 50 50 50 50 50 50 50 0 50 30 50 50 50 50 50 50 50 50 50 28 50 50 50 24 50 50 50 50 50 50 50 50 10 50 50]
  [50 50 50 50 50 50 50 50 50 50 50 50 50 50 50 50 50 50 50 50 50 50 37 50 50 50 50 40 50 50 50 27 50 50 50 50 50 50 50 50 50 50 50 50 50 50 50 50 50 50 45 50 50 50 50 50 42 50 50 50 50 32 50 50 50 50 50 50 50 39 50 50 50 50 50 50 50 50 50 50 50 50 50 50 50 50 50 50 50 50 50 50 50 50 50 50 50 50 50 50 50 50 50 50 50 50 50 50 50 50 50 50 50 50 50 50 50 50 50 50 50 50 50 0 50 50 50 50 13 50 50 50 50 50 50 50 50 50 50 50 50 50 8 50 50 50 50 50 38 50]
  [50 50 50 50 50 40 32 50 50 50 50 50 50 50 50 50 50 50 50 50 5 50 50 50 50 15 50 50 50 50 50 50 50 50 50 50 50 50 50 50 50 50 22 50 50 50 50 50 50 50 50 50 50 50 50 50 50 50 50 50 50 50 28 50 50 50 50 45 30 50 50 50 50 50 50 31 50 50 23 50 50 18 50 50 50 50 33 50 50 50 50 50 50 50 50 50 50 50 50 50 50 50 50 50 50 50 50 50 50 8 12 50 50 50 50 50 50 50 50 50 50 50 30 50 0 50 50 50 50 50 50 50 50 50 50 50 50 50 45 50 50 50 50 50 50 50 50 38 50 50]
  [50 50 50 50 50 50 50 50 50 50 50 50 50 50 50 50 50 50 50 50 50 50 50 50 50 50 41 50 50 50 50 50 50 38 50 50 50 50 50 50 50 50 50 45 50 50 46 50 50 50 50 47 50 50 50 50 50 50 50 50 50 50 50 50 50 50 50 50 50 50 50 50 50 24 50 50 50 50 50 50 50 50 50 50 32 47 50 50 22 50 50 50 50 50 50 50 50 50 50 50 50 27 50 50 50 50 50 50 50 50 50 50 50 50 38 50 21 50 50 6 50 50 50 50 50 0 50 50 50 50 50 25 50 50 50 50 50 50 50 50 50 50 50 35 33 50 13 50 50 48]
  [50 23 43 50 50 50 50 35 50 50 50 50 50 50 50 18 50 50 37 7 50 34 50 50 50 50 50 50 50 50 37 50 45 50 50 50 42 50 50 34 50 50 50 50 50 50 50 22 42 50 50 50 20 50 50 50 50 30 44 46 50 50 50 28 50 45 50 50 50 50 50 31 50 50 50 50 50 48 50 43 50 50 50 50 50 45 50 50 50 50 50 50 50 50 17 50 50 50 50 23 50 50 40 33 50 50 50 50 36 50 50 50 48 25 50 16 50 50 50 50 39 50 50 50 50 50 0 40 50 50 50 50 50 50 43 50 50 50 50 50 50 50 50 50 50 50 50 50 50 50]
  [50 50 50 50 50 50 50 33 50 50 50 50 50 50 50 36 50 50 50 32 50 23 50 50 50 50 23 50 50 50 15 50 41 41 50 50 29 50 37 16 50 50 50 49 50 50 50 50 44 50 50 20 50 50 50 50 50 50 47 50 50 50 50 23 50 50 50 50 50 50 47 50 50 34 44 50 50 39 50 50 50 50 50 50 42 8 50 50 50 50 50 50 50 50 50 50 50 50 50 21 50 42 47 34 50 50 50 50 50 50 50 50 50 50 50 25 34 50 50 49 11 50 50 50 50 50 40 0 50 50 48 39 50 50 44 50 50 50 50 50 50 50 50 24 39 50 49 50 50 50]
  [50 50 50 50 50 50 50 50 50 50 50 50 50 50 50 50 50 50 50 50 50 50 25 50 50 50 50 27 50 50 50 20 50 50 50 50 50 50 50 50 50 50 50 50 50 50 50 50 50 50 36 50 50 50 50 50 28 50 50 50 50 22 50 50 50 50 50 50 50 26 50 50 50 50 50 50 50 50 50 50 50 50 50 50 50 50 50 50 50 50 48 50 50 50 50 50 50 50 50 50 50 50 50 50 50 50 50 50 50 50 50 50 50 50 50 50 50 50 50 50 50 44 50 13 50 50 50 50 0 47 50 50 50 50 50 50 50 48 50 50 50 50 5 50 50 50 50 50 34 50]
  [50 50 50 50 50 50 50 50 50 50 41 50 50 50 50 50 38 50 50 50 50 50 29 50 50 50 50 32 50 13 50 28 50 50 50 37 50 21 50 50 50 50 50 50 50 11 50 50 50 50 50 50 50 50 50 50 36 50 50 50 50 25 50 50 50 50 50 50 50 47 50 50 50 50 50 50 50 50 50 50 50 50 50 50 50 50 50 50 50 35 50 50 50 50 50 50 50 50 50 50 50 50 50 50 40 49 50 50 50 50 50 50 50 50 50 50 50 41 50 50 50 16 50 50 50 50 50 50 47 0 50 50 50 50 50 50 50 39 50 50 50 50 49 50 50 30 50 50 50 50]
  [11 50 50 50 50 50 50 50 50 45 50 50 45 50 50 50 50 50 42 50 50 50 50 50 25 50 36 50 50 50 34 50 13 37 48 50 50 50 50 33 50 50 50 35 50 50 48 50 18 50 50 50 50 50 50 50 50 50 18 50 18 50 50 33 28 50 50 50 50 50 12 50 50 50 8 50 27 50 50 50 50 50 50 50 44 43 50 25 50 50 50 50 50 50 50 50 50 17 48 39 45 48 23 50 50 50 49 14 50 50 50 50 50 50 50 50 50 50 50 50 37 50 50 50 50 50 50 48 50 50 0 50 50 50 50 50 50 50 50 50 50 32 50 42 50 50 50 50 50 35]
  [50 50 50 50 50 50 50 50 50 50 50 50 50 50 50 50 50 47 50 50 50 49 50 50 50 50 40 50 50 50 50 50 50 47 50 50 46 50 41 50 50 50 50 50 50 50 50 50 50 50 50 26 50 50 50 50 50 50 50 50 50 50 50 50 50 50 50 50 50 50 50 50 50 30 50 50 50 50 50 50 50 50 50 50 43 38 50 50 46 50 50 50 50 50 50 50 50 50 50 50 50 39 50 50 50 50 50 50 50 50 50 50 50 50 50 50 24 50 50 18 46 50 50 50 50 25 50 39 50 50 50 0 50 50 50 50 50 50 50 50 50 50 50 34 8 50 13 50 50 50]
  [50 50 50 26 48 50 50 50 50 24 43 14 25 50 37 50 50 50 46 50 50 50 50 31 50 50 50 50 6 50 50 50 50 50 31 50 50 50 50 50 50 29 50 50 29 50 50 50 50 50 50 50 50 50 25 50 50 50 50 41 50 50 50 50 40 50 50 50 50 50 50 50 50 50 50 50 50 50 50 50 50 50 29 20 50 50 50 50 50 48 50 36 50 30 50 19 12 50 36 50 26 50 50 50 50 41 25 50 50 50 50 16 50 50 50 50 50 50 50 50 50 50 50 50 50 50 50 50 50 50 50 50 0 48 50 48 50 50 50 50 50 50 50 50 50 50 50 50 50 50]
  [50 50 50 50 36 50 50 50 50 50 22 50 50 50 50 50 45 50 50 50 50 50 50 32 50 50 50 50 50 39 50 50 50 50 50 50 50 50 50 50 50 44 50 50 50 42 50 50 50 50 50 50 50 50 50 50 50 50 50 50 50 50 50 50 50 50 50 50 50 50 50 50 50 50 50 50 50 50 50 50 50 50 20 50 50 50 50 50 50 33 50 50 50 21 50 50 37 50 50 50 50 50 50 50 50 43 50 50 50 50 50 33 50 50 50 50 50 49 50 50 50 50 50 50 50 50 50 50 50 50 50 50 48 0 50 50 50 50 50 50 3 50 50 50 50 29 50 50 50 50]
  [50 50 50 50 50 50 50 11 50 50 50 50 50 50 50 25 50 36 50 40 50 21 50 50 50 50 50 50 50 50 50 50 50 50 50 50 17 50 23 50 50 50 39 50 50 50 50 50 50 50 50 38 50 50 50 50 50 40 50 50 50 50 50 50 50 50 50 15 33 50 50 50 50 50 50 42 50 11 50 42 50 50 50 50 50 50 50 50 50 50 50 50 50 50 48 50 50 50 50 49 50 50 50 12 50 50 50 50 37 50 50 50 50 50 50 34 50 50 50 50 50 50 28 50 50 50 43 44 50 50 50 50 50 50 0 50 50 50 40 50 50 50 50 50 50 50 50 27 50 50]
  [50 50 50 31 31 50 50 50 50 50 50 43 50 50 38 50 50 50 50 50 50 50 50 32 50 50 50 50 50 50 50 50 50 50 50 50 50 50 50 50 50 23 50 50 40 50 50 50 50 50 50 50 50 50 44 50 50 50 50 50 50 50 50 50 50 50 50 50 50 50 50 50 50 50 50 50 50 50 50 50 50 50 49 50 50 50 50 50 50 50 50 45 50 50 50 50 44 50 50 50 50 50 50 50 50 50 50 50 50 50 50 42 50 50 50 50 50 50 50 50 50 50 50 50 50 50 50 50 50 50 50 50 48 50 50 0 50 50 50 50 50 50 50 50 50 50 50 50 50 50]
  [50 42 17 50 50 50 50 50 50 50 50 50 50 50 50 50 50 50 50 50 50 50 50 50 50 50 50 50 50 50 50 50 50 50 50 36 50 50 50 50 50 50 50 50 50 50 50 47 50 50 50 50 35 14 50 47 47 36 50 50 50 50 50 50 50 7 50 50 50 46 50 28 50 50 50 50 50 50 50 38 50 50 50 50 50 50 50 50 50 50 27 50 22 50 35 50 50 50 50 50 50 50 50 50 46 50 50 50 40 50 50 50 4 28 50 50 50 47 50 50 50 50 50 50 50 50 50 50 50 50 50 50 50 50 50 50 0 34 49 45 50 50 50 50 50 50 50 50 50 50]
  [50 50 50 50 50 50 50 50 50 50 50 50 50 50 50 50 30 50 50 50 50 50 25 50 50 50 50 21 50 41 50 40 50 50 50 3 50 21 50 50 50 50 50 50 50 45 50 50 50 50 50 50 50 47 50 50 20 50 50 50 50 35 50 50 50 40 50 50 50 28 50 47 50 50 50 50 50 50 50 50 50 50 50 50 50 50 50 50 50 39 32 50 28 50 50 50 50 50 50 50 50 50 50 50 25 39 50 50 50 50 50 50 38 50 50 50 50 27 50 50 50 23 50 50 50 50 50 50 48 39 50 50 50 50 50 50 34 0 50 50 50 50 50 50 50 42 50 50 50 50]
  [50 50 33 50 50 36 19 46 50 50 50 50 50 34 50 41 50 50 50 50 44 50 50 50 50 50 50 50 50 50 50 50 50 50 50 50 50 50 50 50 50 50 24 50 50 50 50 50 50 50 50 50 50 37 50 27 50 25 50 50 50 50 50 50 50 45 50 43 18 50 50 50 50 50 50 50 50 50 50 13 48 50 50 50 50 50 50 50 50 50 50 50 50 50 43 50 50 50 50 50 50 50 50 44 50 50 50 50 17 45 50 50 46 50 50 50 50 50 39 50 50 50 24 50 45 50 50 50 50 50 50 50 50 50 40 50 49 50 0 50 50 50 50 50 50 50 50 16 50 50]
  [50 50 50 50 50 50 50 50 50 50 50 50 50 41 50 50 50 50 50 50 50 50 50 50 50 50 50 49 50 50 50 50 50 50 50 50 50 50 50 50 38 50 50 50 50 50 50 50 50 16 16 50 50 41 50 43 45 50 50 50 50 50 50 50 50 50 19 50 50 34 50 50 50 50 50 50 50 50 50 50 30 50 50 50 50 50 50 50 50 50 22 50 50 50 50 50 50 50 50 50 50 50 50 50 50 50 50 50 50 50 50 50 47 50 50 50 50 50 42 50 50 50 50 50 50 50 50 50 50 50 50 50 50 50 50 50 45 50 50 0 50 50 50 50 50 50 50 50 29 50]
  [50 50 50 50 35 50 50 50 50 50 25 50 50 50 50 50 48 50 50 50 50 50 50 32 50 50 50 50 50 40 50 50 50 50 50 50 50 50 50 50 50 44 50 50 50 43 50 50 50 50 50 50 50 50 50 50 50 50 50 50 50 50 50 50 50 50 50 50 50 50 50 50 50 50 50 50 50 50 50 50 50 50 22 50 50 50 50 50 50 36 50 50 50 24 50 50 39 50 50 50 50 50 50 50 50 46 50 50 50 50 50 35 50 50 50 50 50 50 50 50 50 50 50 50 50 50 50 50 50 50 50 50 50 3 50 50 50 50 50 50 0 50 50 50 50 32 50 50 50 50]
  [41 50 50 50 50 50 50 50 50 50 50 50 50 50 50 50 50 50 50 50 50 50 50 50 47 50 35 50 50 50 48 50 42 20 50 50 50 50 50 50 50 50 50 11 50 50 17 50 49 50 50 50 50 50 50 50 50 50 49 50 31 50 50 50 50 50 50 50 50 50 20 50 50 38 39 50 35 50 50 50 50 50 50 50 25 49 50 45 42 50 50 50 50 50 50 50 50 45 50 50 50 30 50 50 50 50 50 46 50 50 50 50 50 50 22 50 43 50 50 50 49 50 50 50 50 50 50 50 50 50 32 50 50 50 50 50 50 50 50 50 50 0 50 38 50 50 50 50 50 8]
  [50 50 50 50 50 50 50 50 50 50 50 50 50 50 50 50 50 50 50 50 50 50 29 50 50 50 50 32 50 50 50 21 50 50 50 50 50 50 50 50 50 50 50 50 50 50 50 50 50 50 40 50 50 50 50 50 33 50 50 50 50 25 50 50 50 50 50 50 50 31 50 50 50 50 50 50 50 50 50 50 50 50 50 50 50 50 50 50 50 50 50 50 50 50 50 50 50 50 50 50 50 50 50 50 50 50 50 50 50 50 50 50 50 50 50 50 50 50 50 50 50 47 50 8 50 50 50 50 5 49 50 50 50 50 50 50 50 50 50 50 50 50 0 50 50 50 50 50 36 50]
  [50 50 50 50 50 50 50 50 50 50 50 50 50 50 50 50 50 50 50 50 50 47 50 50 50 50 7 50 50 50 24 50 42 18 50 50 50 50 50 28 50 50 50 28 50 50 40 50 48 50 50 33 50 50 50 50 50 50 50 50 50 50 50 36 50 50 50 50 50 50 35 50 50 12 43 50 50 50 50 50 50 50 50 50 18 16 50 50 40 50 50 50 50 50 50 50 50 50 50 38 50 18 50 50 50 50 50 50 50 50 50 50 50 50 36 48 14 50 50 34 22 50 50 50 50 35 50 24 50 50 42 34 50 50 50 50 50 50 50 50 50 38 50 0 38 50 37 50 50 31]
  [50 50 50 50 50 50 50 50 50 50 50 50 50 50 50 50 50 39 50 50 50 44 50 50 50 50 44 50 50 50 50 50 50 50 50 50 40 50 34 50 50 50 50 50 50 50 50 50 50 50 50 22 50 50 50 50 50 50 50 50 50 50 50 50 50 50 50 50 50 50 50 50 50 36 50 50 50 45 50 50 50 50 50 50 50 39 50 50 50 50 50 50 50 50 50 50 50 50 50 50 50 46 50 50 50 50 50 50 50 50 50 50 50 50 50 50 31 50 50 27 47 50 50 50 50 33 50 39 50 50 50 8 50 50 50 50 50 50 50 50 50 50 50 38 0 50 21 50 50 50]
  [50 50 50 50 50 50 50 50 50 50 11 50 50 50 50 50 18 50 50 50 50 50 50 50 50 50 50 50 50 18 50 50 50 50 50 39 50 23 50 50 50 50 50 50 50 25 50 50 50 50 50 50 50 50 50 50 50 50 50 50 50 50 50 50 50 50 50 50 50 50 50 50 50 50 50 50 50 50 50 50 50 50 37 50 50 50 50 50 50 7 50 50 50 25 50 50 47 50 50 50 50 50 50 50 24 23 50 50 50 50 50 46 50 50 50 50 50 23 50 50 50 30 50 50 50 50 50 50 50 30 50 50 50 29 50 50 50 42 50 50 32 50 50 50 50 0 50 50 50 50]
  [50 50 50 50 50 50 50 50 50 50 50 50 50 50 50 50 50 50 50 50 50 50 50 50 50 50 44 50 50 50 50 50 50 46 50 50 50 50 50 50 50 50 50 50 50 50 50 50 50 50 50 39 50 50 50 50 50 50 50 50 50 50 50 50 50 50 50 50 50 50 50 50 50 28 50 50 50 50 50 50 50 50 50 50 40 45 50 50 35 50 50 50 50 50 50 50 50 50 50 50 50 35 50 50 50 50 50 50 50 50 50 50 50 50 50 50 24 50 50 7 50 50 50 50 50 13 50 49 50 50 50 13 50 50 50 50 50 50 50 50 50 50 50 37 21 50 0 50 50 50]
  [50 50 46 50 50 44 25 35 50 50 50 50 50 47 50 37 50 50 50 50 36 45 50 50 50 50 50 50 50 50 50 50 50 50 50 50 43 50 48 50 50 50 16 50 50 50 50 50 50 50 50 50 50 50 50 41 50 31 50 50 50 50 50 50 50 50 50 27 8 50 50 50 50 50 50 41 50 37 50 25 50 50 50 50 50 50 50 50 50 50 50 50 50 50 48 50 50 50 50 50 50 50 50 34 50 50 50 50 24 41 50 50 50 50 50 50 50 50 50 50 50 50 10 50 38 50 50 50 50 50 50 50 50 50 27 50 50 50 16 50 50 50 50 50 50 50 50 0 50 50]
  [50 50 50 50 50 50 50 50 50 50 50 50 50 50 50 50 50 50 50 50 50 50 49 50 50 50 50 48 50 50 50 50 50 50 50 50 50 50 50 50 50 50 50 50 50 50 50 50 50 31 15 50 50 50 50 50 46 50 50 50 50 50 50 50 50 50 41 50 50 34 50 50 50 50 50 50 50 50 50 50 50 50 50 50 50 50 50 50 50 50 42 50 50 50 50 50 50 50 50 50 50 50 50 50 50 50 50 50 50 50 50 50 50 50 50 50 50 50 50 50 50 50 50 38 50 50 50 50 34 50 50 50 50 50 50 50 50 50 50 29 50 50 36 50 50 50 50 50 0 50]
  [45 50 50 50 50 50 50 50 50 50 50 50 50 50 50 50 50 50 50 50 50 50 50 50 50 50 30 50 50 50 45 50 44 13 50 50 50 50 50 47 50 50 50 4 50 50 14 50 50 50 50 50 50 50 50 50 50 50 50 50 37 50 50 50 50 50 50 50 50 50 23 50 50 30 41 50 42 50 50 50 50 50 50 50 17 44 50 50 36 50 50 50 50 50 50 50 50 50 50 50 50 22 50 50 50 50 50 49 50 50 50 50 50 50 16 50 36 50 50 50 45 50 50 50 50 48 50 50 50 50 35 50 50 50 50 50 50 50 50 50 50 8 50 31 50 50 50 50 50 0]
];