K=8;
N=150;
P=[176 1456 599 137 599 148 544 166];
R=[28 42 33 17 42 20 33 24];
A=[2 6 5 2 4 2 4 2];
C=[54 39 48 31 52 49 47 43];
M=[
  [0 50 50 50 50 50 50 50 50 50 50 50 45 50 50 50 49 50 50 10 50 48 50 49 50 50 50 50 50 50 50 50 50 50 50 50 50 50 50 19 50 50 50 50 50 50 50 50 50 50 50 18 50 50 50 50 50 50 38 50 50 27 27 50 50 50 50 50 24 7 50 15 50 50 50 50 50 50 50 50 49 50 50 50 50 50 50 50 50 50 50 50 11 50 11 50 50 50 50 50 32 50 50 50 50 36 50 50 35 50 50 50 50 50 50 50 50 50 29 50 50 50 50 50 50 50 50 50 8 50 50 50 50 50 39 50 50 50 50 42 50 18 50 50 50 50 50 50 50 50]
  [50 0 48 28 50 32 50 50 50 50 50 50 50 50 50 50 50 50 50 50 50 50 50 50 50 50 50 50 50 50 50 50 50 50 23 50 50 50 50 50 50 50 50 50 27 50 50 50 50 39 50 50 50 47 33 34 50 50 50 50 50 50 50 50 20 3 41 39 50 50 50 50 50 50 50 50 50 50 50 50 50 50 50 50 50 40 50 50 50 50 50 22 50 50 50 50 50 50 50 50 50 19 50 50 50 50 19 50 50 50 23 50 50 50 46 50 50 50 50 50 50 21 6 39 34 12 50 50 50 50 50 50 50 50 50 17 50 50 50 50 50 50 50 50 50 50 50 50 31 50]
  [50 48 0 50 50 50 50 50 50 50 47 50 50 50 50 50 50 50 50 50 50 50 50 50 50 50 50 50 50 50 50 50 50 50 50 45 50 50 50 50 50 50 50 50 30 35 50 50 50 50 30 50 50 50 50 14 50 50 50 50 50 50 50 50 34 47 26 50 50 50 50 50 50 50 50 50 50 50 50 50 50 50 50 50 50 50 50 50 50 50 50 42 50 50 50 50 50 50 50 50 50 29 50 50 50 50 50 50 50 50 25 50 50 50 50 50 50 50 50 36 50 50 42 50 13 50 50 50 50 50 50 50 50 50 50 38 50 45 50 50 50 50 50 50 50 50 50 46 50 50]
  [50 28 50 0 50 50 50 39 50 50 50 50 50 50 50 50 50 40 50 50 50 50 50 50 50 50 50 50 50 50 39 50 50 50 14 50 50 50 50 50 50 50 28 50 50 50 50 50 43 17 50 50 50 39 11 50 50 31 50 50 50 50 50 50 47 27 50 50 50 50 50 50 50 50 50 50 50 50 50 27 50 50 50 50 50 50 49 50 50 50 50 50 50 50 50 50 50 50 50 50 50 41 50 50 50 50 29 50 50 50 45 50 50 50 48 50 50 50 50 50 50 7 32 21 50 17 50 50 50 50 50 50 50 50 50 45 50 50 39 50 49 50 50 50 50 50 50 50 13 50]
  [50 50 50 50 0 49 50 50 50 50 50 50 50 50 29 50 50 40 47 50 50 34 50 50 50 50 43 50 4 50 31 50 2 28 50 50 50 50 39 50 50 50 50 50 50 50 14 47 25 48 50 50 50 24 50 50 43 50 47 50 50 50 50 50 50 50 50 36 50 50 50 50 5 50 50 50 50 50 50 50 50 50 50 50 50 50 50 50 50 50 50 50 50 50 50 50 50 50 50 50 50 50 50 50 50 50 37 50 50 50 50 16 50 50 11 50 37 39 50 50 50 50 50 50 50 50 50 50 50 50 50 50 44 50 46 50 50 50 45 50 50 50 22 50 50 6 50 50 50 50]
  [50 32 50 50 49 0 50 50 50 50 50 50 50 50 47 50 50 50 50 50 50 50 50 50 50 50 50 50 50 50 50 50 48 50 50 45 50 50 50 50 50 50 50 50 34 50 50 50 50 50 50 50 50 50 50 50 50 50 31 50 50 50 50 50 31 35 44 15 50 50 50 50 47 50 50 50 50 50 50 50 50 50 50 50 50 13 50 50 50 50 50 22 50 50 50 50 50 50 50 50 50 39 50 50 50 50 30 50 50 50 42 50 50 50 44 50 50 50 50 50 50 49 32 50 50 44 50 50 50 50 50 50 50 50 50 27 50 50 50 50 50 50 50 50 34 50 50 50 50 50]
  [50 50 50 50 50 50 0 50 50 30 50 50 50 50 50 44 50 50 45 50 50 50 50 50 50 50 50 50 50 50 50 50 50 50 50 50 50 50 50 50 50 50 50 50 50 50 50 36 50 50 50 50 50 50 50 50 50 50 50 50 50 50 50 50 50 50 50 50 50 50 50 50 50 33 12 10 50 50 24 50 50 50 37 50 50 50 50 50 40 50 36 50 50 50 50 50 50 19 50 50 50 50 20 50 50 50 50 24 50 4 50 50 5 30 50 50 49 50 50 50 50 50 50 50 50 50 50 50 50 50 29 41 50 50 50 50 50 50 50 50 50 50 50 50 50 50 50 50 50 50]
  [50 50 50 39 50 50 50 0 50 50 50 24 50 50 50 50 50 33 50 50 50 50 24 50 16 50 50 32 50 50 41 21 50 50 50 50 50 50 50 50 21 23 20 50 50 50 50 50 47 30 50 50 50 48 40 50 50 26 50 50 50 50 50 50 50 50 50 50 50 50 32 50 50 50 50 50 50 24 50 33 50 50 50 25 50 50 11 50 50 42 50 50 50 19 50 50 50 50 50 50 50 50 50 50 38 50 50 50 50 50 50 50 50 50 50 33 50 50 50 50 34 45 50 45 50 50 29 50 50 50 50 50 50 37 50 50 50 50 28 50 11 50 50 50 50 50 50 50 44 45]
  [50 50 50 50 50 50 50 50 0 50 50 50 50 50 50 50 50 50 50 49 50 50 50 12 50 50 50 50 50 17 50 50 50 50 50 50 50 50 50 50 50 50 50 23 50 50 50 50 50 50 50 50 50 50 50 50 50 50 50 50 50 50 50 50 50 50 50 50 50 50 50 50 50 50 50 50 50 50 50 50 50 7 50 50 50 50 50 50 50 50 50 50 50 50 50 50 50 50 50 50 41 50 50 50 50 50 50 50 37 50 50 50 50 50 50 50 50 50 50 50 50 50 50 50 50 50 50 50 50 50 50 50 50 50 50 50 50 50 50 42 50 46 50 50 50 50 50 50 50 50]
  [50 50 50 50 50 50 30 50 50 0 50 50 50 50 50 50 49 50 22 50 50 50 50 50 50 50 30 50 50 50 50 50 50 50 50 50 50 50 50 50 50 50 50 50 50 50 47 8 50 50 50 50 44 50 50 50 40 50 50 50 50 50 50 31 50 50 50 50 50 50 50 50 50 36 42 39 50 50 24 50 50 50 25 50 50 50 50 50 50 50 25 50 50 50 50 47 50 48 50 50 50 50 47 50 50 50 50 39 50 34 50 36 28 45 50 50 20 33 50 50 50 50 50 50 50 50 50 50 50 50 50 36 36 50 50 50 50 50 50 50 50 50 38 50 50 50 50 50 50 50]
  [50 50 47 50 50 50 50 50 50 50 0 50 50 50 50 50 50 50 50 50 50 50 50 50 50 33 50 50 50 50 50 50 50 50 50 35 50 50 50 50 50 50 50 50 50 12 50 50 50 50 18 50 50 50 50 50 50 50 50 50 50 50 50 50 50 50 40 50 50 50 50 50 50 50 50 50 50 50 50 50 50 50 50 50 50 50 50 50 50 50 50 50 50 50 50 50 38 50 48 50 50 50 50 50 50 50 50 50 50 50 50 50 50 50 50 50 50 50 50 16 50 50 50 50 50 50 50 50 50 12 50 50 50 50 50 50 10 22 50 50 50 50 50 50 50 50 50 4 50 50]
  [50 50 50 50 50 50 50 24 50 50 50 0 50 50 50 50 50 27 50 50 50 50 7 50 19 50 50 40 50 50 36 35 50 39 50 50 50 36 34 50 30 6 27 50 50 50 50 50 40 40 50 50 50 45 50 50 48 50 50 50 50 50 50 50 50 50 50 50 50 50 26 50 50 50 50 50 37 0 50 50 50 50 50 10 50 50 17 50 50 18 50 50 50 23 50 50 50 50 50 50 50 50 50 46 36 50 50 50 50 50 50 50 50 50 50 17 50 50 50 50 32 50 50 50 50 50 9 50 50 50 50 50 50 18 50 50 50 50 22 50 24 50 50 50 50 50 50 50 50 22]
  [45 50 50 50 50 50 50 50 50 50 50 50 0 50 50 50 50 50 50 50 20 50 50 50 50 44 50 50 50 50 50 50 50 50 50 50 50 50 50 39 50 50 50 50 50 50 50 50 50 50 50 50 50 50 50 50 50 50 50 50 50 19 50 50 50 50 50 50 23 50 50 38 50 50 50 50 50 50 50 50 50 50 50 50 26 47 50 12 50 50 50 50 50 50 50 50 40 50 28 50 50 50 50 50 50 10 50 50 50 50 50 50 50 50 50 50 50 50 22 50 50 50 50 50 50 50 50 50 37 50 50 50 50 50 50 50 50 50 50 50 50 45 50 50 31 50 50 50 50 50]
  [50 50 50 50 50 50 50 50 50 50 50 50 50 0 50 48 50 50 50 50 50 50 50 50 50 50 50 50 50 45 50 50 50 50 50 50 22 50 50 50 50 50 50 50 50 50 50 50 50 50 50 50 46 50 50 50 50 50 50 9 25 50 46 50 50 50 50 50 50 50 50 50 50 50 50 50 50 50 50 50 22 50 50 50 50 50 50 50 47 50 50 50 50 50 50 50 50 50 50 23 39 50 50 50 50 50 50 50 38 50 50 50 50 50 50 50 50 50 50 50 50 50 50 50 50 50 50 14 50 50 50 50 50 50 50 50 50 50 50 50 50 50 50 10 50 50 4 50 50 50]
  [50 50 50 50 29 47 50 50 50 50 50 50 50 50 0 50 28 50 39 50 50 6 50 50 50 50 50 50 32 50 50 50 29 50 50 50 50 50 50 50 50 50 50 50 50 50 16 48 50 50 50 36 37 50 50 50 50 50 27 50 50 50 42 37 50 50 50 33 50 50 50 50 24 50 50 50 50 50 50 50 50 50 50 50 50 50 50 50 50 50 50 50 42 50 42 50 50 50 50 50 50 50 50 50 50 50 50 50 50 50 50 32 50 50 36 50 35 26 50 50 50 50 50 50 50 50 50 50 50 50 50 50 28 50 18 50 50 50 50 50 50 50 18 50 50 34 50 50 50 50]
  [50 50 50 50 50 50 44 50 50 50 50 50 50 48 50 0 50 50 50 50 50 50 50 50 50 50 50 50 50 50 50 50 50 50 50 50 26 50 50 50 50 50 50 50 50 50 50 50 50 50 50 50 50 50 50 50 50 50 50 50 24 50 50 50 50 50 50 50 50 50 50 50 50 24 41 38 50 50 50 50 50 50 50 50 50 50 50 50 7 50 38 50 50 50 50 50 50 37 50 25 50 50 33 50 50 50 50 50 50 44 50 50 40 14 50 50 50 50 50 50 50 50 50 50 50 50 50 50 50 50 21 50 50 50 50 50 50 50 50 50 50 50 50 50 50 50 50 50 50 50]
  [49 50 50 50 50 50 50 50 50 49 50 50 50 50 28 50 0 50 27 49 50 23 50 50 50 50 50 50 50 50 50 50 50 50 50 50 50 50 50 50 50 50 50 50 50 50 37 41 50 50 50 31 10 50 50 50 50 50 46 50 50 50 26 19 50 50 50 50 50 50 50 50 47 45 50 50 50 50 50 50 33 50 50 50 50 50 50 50 50 50 35 50 38 50 38 50 50 50 50 50 46 50 50 50 50 50 50 50 50 50 50 47 50 50 50 50 32 18 50 50 50 50 50 50 50 50 50 38 50 50 50 50 13 50 15 50 50 50 50 50 50 50 30 49 50 50 50 50 50 50]
  [50 50 50 40 40 50 50 33 50 50 50 27 50 50 50 50 50 0 50 50 50 50 33 50 40 50 48 50 36 50 10 50 40 19 50 50 50 48 23 50 50 32 17 50 50 50 50 50 15 23 50 50 50 18 48 50 39 50 50 50 50 50 50 50 50 50 50 50 50 50 50 50 45 50 50 50 46 27 50 50 50 50 50 37 50 50 36 50 50 29 50 50 50 45 50 50 50 50 50 50 50 50 50 50 50 50 43 50 50 50 50 45 50 50 34 44 50 50 50 50 50 41 50 50 50 50 35 50 50 50 50 50 50 44 50 50 50 50 5 50 41 50 50 50 50 34 50 50 50 29]
  [50 50 50 50 47 50 45 50 50 22 50 50 50 50 39 50 27 50 0 50 50 38 50 50 50 50 46 50 49 50 50 50 49 50 50 50 50 50 50 50 50 50 50 50 50 50 37 14 50 50 50 50 23 50 50 50 50 50 50 50 50 50 50 10 50 50 50 50 50 50 50 50 45 30 50 50 50 50 46 50 50 50 46 50 50 50 50 50 47 50 16 50 50 50 50 50 50 50 50 50 50 50 50 50 50 50 50 50 50 48 50 35 41 45 50 50 11 14 50 50 50 50 50 50 50 50 50 50 50 50 50 50 15 50 38 50 50 50 50 50 50 50 27 50 50 50 50 50 50 50]
  [10 50 50 50 50 50 50 50 49 50 50 50 50 50 50 50 49 50 50 0 50 50 50 39 50 50 50 50 50 46 50 50 50 50 50 50 50 50 50 20 50 50 50 50 50 50 50 50 50 50 50 21 50 50 50 50 50 50 47 50 50 34 25 50 50 50 50 50 33 4 50 17 50 50 50 50 50 50 50 50 42 42 50 50 50 50 50 50 50 50 50 50 15 50 16 50 50 50 50 50 23 50 50 50 50 44 50 50 25 50 50 50 50 50 50 50 50 50 35 50 50 50 50 50 50 50 50 50 17 50 50 50 50 50 42 50 50 50 50 40 50 15 50 50 50 50 50 50 50 50]
  [50 50 50 50 50 50 50 50 50 50 50 50 20 50 50 50 50 50 50 50 0 50 50 50 50 41 50 50 50 50 50 50 50 50 50 50 50 50 50 49 50 50 50 50 50 50 50 50 50 50 50 50 50 50 50 50 50 50 50 50 50 34 50 50 50 50 50 50 42 50 50 50 50 50 50 50 50 50 50 50 50 50 50 50 18 50 50 8 50 50 50 50 50 50 50 50 45 50 29 50 50 50 50 50 50 26 50 50 50 50 50 50 50 50 50 50 50 50 32 50 50 50 50 50 50 50 50 50 50 50 50 50 50 50 50 50 50 50 50 50 50 50 50 50 45 50 50 50 50 50]
  [48 50 50 50 34 50 50 50 50 50 50 50 50 50 6 50 23 50 38 50 50 0 50 50 50 50 50 50 37 50 50 50 34 50 50 50 50 50 50 50 50 50 50 50 50 50 20 48 50 50 50 32 32 50 50 50 50 50 27 50 50 50 36 34 50 50 50 37 50 50 50 50 29 50 50 50 50 50 50 50 50 50 50 50 50 50 50 50 50 50 50 50 38 50 37 50 50 50 50 50 50 50 50 50 50 50 50 50 50 50 50 36 50 50 41 50 35 24 50 50 50 50 50 50 50 50 50 50 50 50 50 50 24 50 13 50 50 50 50 50 50 50 21 50 50 40 50 50 50 50]
  [50 50 50 50 50 50 50 24 50 50 50 7 50 50 50 50 50 33 50 50 50 50 0 50 15 50 50 34 50 50 42 30 50 46 50 50 50 37 40 50 25 1 32 50 50 50 50 50 47 44 50 50 50 50 50 50 50 50 50 50 50 50 50 50 50 50 50 50 50 50 20 50 50 50 50 50 39 6 50 50 50 50 50 4 50 50 15 50 50 22 50 50 50 18 50 50 50 50 50 50 50 50 50 48 29 50 50 50 50 50 50 50 50 50 50 11 50 50 50 50 26 50 50 50 50 50 4 50 50 50 50 50 50 13 50 50 50 50 28 50 21 50 50 50 50 50 50 50 50 26]
  [49 50 50 50 50 50 50 50 12 50 50 50 50 50 50 50 50 50 50 39 50 50 50 0 50 50 50 50 50 12 50 50 50 50 50 50 50 50 50 45 50 50 50 34 50 50 50 50 50 50 50 50 50 50 50 50 50 50 50 50 50 50 50 50 50 50 50 50 50 42 50 46 50 50 50 50 50 50 50 50 48 6 50 50 50 50 50 50 50 50 50 50 50 50 50 50 50 50 50 50 29 50 50 50 50 50 50 50 25 50 50 50 50 50 50 50 50 50 50 50 50 50 50 50 50 50 50 50 50 50 50 50 50 50 50 50 50 50 50 41 50 39 50 44 50 50 50 50 50 50]
  [50 50 50 50 50 50 50 16 50 50 50 19 50 50 50 50 50 40 50 50 50 50 15 50 0 50 50 21 50 50 50 16 50 50 50 50 50 50 50 50 11 14 32 50 50 50 50 50 50 44 50 50 50 50 50 50 50 39 50 50 50 50 50 50 50 50 50 50 50 50 16 50 50 50 50 50 50 19 50 48 50 50 50 13 50 50 6 50 50 37 50 50 50 4 50 50 50 50 50 50 50 50 50 50 23 50 50 50 50 50 50 50 50 50 50 19 50 50 50 50 19 50 50 50 50 50 18 50 50 50 50 50 50 24 50 50 50 50 35 50 8 50 50 50 50 50 50 50 50 40]
  [50 50 50 50 50 50 50 50 50 50 33 50 44 50 50 50 50 50 50 50 41 50 50 50 50 0 50 50 50 50 50 50 50 50 50 26 50 50 50 50 50 50 50 50 50 40 50 50 50 50 39 50 50 50 50 50 50 50 50 50 50 50 50 50 50 50 46 50 50 50 50 50 50 50 50 50 50 50 50 50 50 50 50 50 50 50 50 40 50 50 50 50 50 50 50 50 17 50 16 50 50 50 50 50 50 50 50 50 50 50 50 50 50 50 50 50 50 50 50 32 50 50 50 50 50 50 50 50 50 43 50 50 50 50 50 50 23 22 50 50 50 50 50 50 35 50 50 37 50 50]
  [50 50 50 50 43 50 50 50 50 30 50 50 50 50 50 50 50 48 46 50 50 50 50 50 50 50 0 50 41 50 46 50 45 30 50 50 50 41 26 50 50 50 50 50 50 50 48 34 42 50 50 50 50 48 50 50 10 50 50 50 50 50 50 50 50 50 50 50 50 50 50 50 46 50 50 50 36 50 31 50 50 50 17 50 50 50 50 50 50 42 50 50 50 50 50 28 50 50 50 50 50 50 50 35 50 50 50 45 50 50 50 31 50 50 50 50 37 50 50 50 50 50 50 50 50 50 50 50 50 50 50 24 50 50 50 50 50 50 50 50 50 50 44 50 50 43 50 50 50 38]
  [50 50 50 50 50 50 50 32 50 50 50 40 50 50 50 50 50 50 50 50 50 50 34 50 21 50 50 0 50 50 50 11 50 50 50 50 50 50 50 50 11 34 50 50 50 50 50 50 50 50 50 50 50 50 50 50 50 43 50 50 50 50 50 50 50 50 50 50 50 50 20 50 50 50 50 50 50 40 50 50 50 50 50 31 50 50 26 50 50 50 50 50 50 17 50 50 50 50 50 50 50 50 50 50 17 50 50 50 50 50 50 50 50 50 50 32 50 50 50 50 15 50 50 50 50 50 36 50 50 50 50 50 50 37 50 50 50 50 50 50 21 50 50 50 50 50 50 50 50 50]
  [50 50 50 50 4 50 50 50 50 50 50 50 50 50 32 50 50 36 49 50 50 37 50 50 50 50 41 50 0 50 27 50 4 24 50 50 50 50 35 50 50 50 49 50 50 50 17 48 22 46 50 50 50 21 50 50 40 50 50 50 50 50 50 50 50 50 50 38 50 50 50 50 9 50 50 50 50 50 50 50 50 50 50 50 50 50 50 50 50 50 50 50 50 50 50 50 50 50 50 50 50 50 50 50 50 50 37 50 50 50 50 16 50 50 10 50 38 41 50 50 50 50 50 50 50 50 50 50 50 50 50 50 47 50 50 50 50 50 42 50 50 50 25 50 50 3 50 50 50 50]
  [50 50 50 50 50 50 50 50 17 50 50 50 50 45 50 50 50 50 50 46 50 50 50 12 50 50 50 50 50 0 50 50 50 50 50 50 50 50 50 50 50 50 50 39 50 50 50 50 50 50 50 50 50 50 50 50 50 50 50 41 50 50 50 50 50 50 50 50 50 50 50 50 50 50 50 50 50 50 50 50 45 15 50 50 50 50 50 50 50 50 50 50 50 50 50 50 50 50 50 50 30 50 50 50 50 50 50 50 26 50 50 50 50 50 50 50 50 50 50 50 50 50 50 50 50 50 50 48 50 50 50 50 50 50 50 50 50 50 50 50 50 49 50 37 50 50 41 50 50 50]
  [50 50 50 39 31 50 50 41 50 50 50 36 50 50 50 50 50 10 50 50 50 50 42 50 50 50 46 50 27 50 0 50 30 16 50 50 50 50 24 50 50 42 23 50 50 50 45 50 6 24 50 50 50 9 49 50 39 50 50 50 50 50 50 50 50 50 50 50 50 50 50 50 36 50 50 50 50 36 50 50 50 50 50 46 50 50 45 50 50 37 50 50 50 50 50 50 50 50 50 50 50 50 50 50 50 50 36 50 50 50 50 37 50 50 25 50 50 50 50 50 50 38 50 50 50 49 44 50 50 50 50 50 50 50 50 50 50 50 14 50 50 50 50 50 50 25 50 50 50 35]
  [50 50 50 50 50 50 50 21 50 50 50 35 50 50 50 50 50 50 50 50 50 50 30 50 16 50 50 11 50 50 50 0 50 50 50 50 50 50 50 50 6 30 41 50 50 50 50 50 50 50 50 50 50 50 50 50 50 33 50 50 50 50 50 50 50 50 50 50 50 50 23 50 50 50 50 50 50 35 50 42 50 50 50 28 50 50 18 50 50 50 50 50 50 12 50 50 50 50 50 50 50 50 50 50 24 50 50 50 50 50 50 50 50 50 50 32 50 50 50 50 21 50 50 50 50 50 34 50 50 50 50 50 50 37 50 50 50 50 48 50 12 50 50 50 50 50 50 50 50 50]
  [50 50 50 50 2 48 50 50 50 50 50 50 50 50 29 50 50 40 49 50 50 34 50 50 50 50 45 50 4 50 30 50 0 28 50 50 50 50 39 50 50 50 50 50 50 50 15 49 25 47 50 50 50 23 50 50 44 50 46 50 50 50 50 50 50 50 50 34 50 50 50 50 5 50 50 50 50 50 50 50 50 50 50 50 50 50 50 50 50 50 50 50 50 50 50 50 50 50 50 50 50 50 50 50 50 50 36 50 50 50 50 17 50 50 9 50 39 40 50 50 50 50 50 50 50 50 50 50 50 50 50 50 45 50 47 50 50 50 45 50 50 50 24 50 50 5 50 50 50 50]
  [50 50 50 50 28 50 50 50 50 50 50 39 50 50 50 50 50 19 50 50 50 50 46 50 50 50 30 50 24 50 16 50 28 0 50 50 50 46 12 50 50 46 36 50 50 50 40 50 13 39 50 50 50 19 50 50 23 50 50 50 50 50 50 50 50 50 50 50 50 50 50 50 32 50 50 50 42 40 50 50 50 50 47 50 50 50 50 50 50 32 50 50 50 50 50 50 50 50 50 50 50 50 50 47 50 50 48 50 50 50 50 27 50 50 28 50 49 50 50 50 50 50 50 50 50 50 46 50 50 50 50 50 50 50 50 50 50 50 24 50 50 50 43 50 50 24 50 50 50 29]
  [50 23 50 14 50 50 50 50 50 50 50 50 50 50 50 50 50 50 50 50 50 50 50 50 50 50 50 50 50 50 50 50 50 50 0 50 50 50 50 50 50 50 42 50 43 50 50 50 50 31 50 50 50 50 11 40 50 36 50 50 50 50 50 50 37 20 50 50 50 50 50 50 50 50 50 50 50 50 50 29 50 50 50 50 50 50 50 50 50 50 50 43 50 50 50 50 50 50 50 50 50 31 50 50 50 50 33 50 50 50 34 50 50 50 50 50 50 50 50 50 50 14 25 16 38 11 50 50 50 50 50 50 50 50 50 37 50 50 50 50 50 50 50 50 50 50 50 50 8 50]
  [50 50 45 50 50 45 50 50 50 50 35 50 50 50 50 50 50 50 50 50 50 50 50 50 50 26 50 50 50 50 50 50 50 50 50 0 50 50 50 50 50 50 50 50 31 33 50 50 50 50 27 50 50 50 50 42 50 50 50 50 50 50 50 50 37 50 21 50 50 50 50 50 50 50 50 50 50 50 50 50 50 50 50 50 50 34 50 50 50 50 50 34 50 50 50 50 13 50 29 50 50 43 50 50 50 50 50 50 50 50 42 50 50 50 50 50 50 50 50 21 50 50 50 50 45 50 50 50 50 46 50 50 50 50 50 38 30 13 50 50 50 50 50 50 24 50 50 38 50 50]
  [50 50 50 50 50 50 50 50 50 50 50 50 50 22 50 26 50 50 50 50 50 50 50 50 50 50 50 50 50 50 50 50 50 50 50 50 0 50 50 50 50 50 50 50 50 50 50 50 50 50 50 50 47 50 50 50 50 50 50 27 6 50 50 50 50 50 50 50 50 50 50 50 50 35 50 50 50 50 50 50 37 50 50 50 50 50 50 50 27 50 45 50 50 50 50 50 50 50 50 1 50 50 50 50 50 50 50 50 50 50 50 50 50 37 50 50 50 50 50 50 50 50 50 50 50 50 50 28 50 50 47 50 50 50 50 50 50 50 50 50 50 50 50 32 50 50 26 50 50 50]
  [50 50 50 50 50 50 50 50 50 50 50 36 50 50 50 50 50 48 50 50 50 50 37 50 50 50 41 50 50 50 50 50 50 46 50 50 50 0 34 50 50 38 50 50 50 50 50 50 50 50 50 50 50 50 50 50 34 50 50 50 50 50 50 50 50 50 50 50 50 50 48 50 50 50 50 50 5 36 50 50 50 50 47 38 50 50 50 50 50 20 50 50 50 50 50 31 50 50 50 50 50 50 50 12 50 50 50 50 50 50 50 50 50 50 50 35 50 50 50 50 50 50 50 50 50 50 33 50 50 50 50 42 50 30 50 50 50 50 48 50 50 50 50 50 50 50 50 50 50 20]
  [50 50 50 50 39 50 50 50 50 50 50 34 50 50 50 50 50 23 50 50 50 50 40 50 50 50 26 50 35 50 24 50 39 12 50 50 50 34 0 50 50 40 39 50 50 50 50 50 23 45 50 50 50 29 50 50 16 50 50 50 50 50 50 50 50 50 50 50 50 50 50 50 43 50 50 50 30 34 50 50 50 50 42 43 50 50 50 50 50 22 50 50 50 50 50 42 50 50 50 50 50 50 50 36 50 50 50 50 50 50 50 35 50 50 39 47 50 50 50 50 50 50 50 50 50 50 39 50 50 50 50 45 50 45 50 50 50 50 26 50 50 50 50 50 50 35 50 50 50 19]
  [19 50 50 50 50 50 50 50 50 50 50 50 39 50 50 50 50 50 50 20 49 50 50 45 50 50 50 50 50 50 50 50 50 50 50 50 50 50 50 0 50 50 50 50 50 50 50 50 50 50 50 38 50 50 50 50 50 50 50 50 50 20 45 50 50 50 50 50 27 18 50 4 50 50 50 50 50 50 50 50 50 46 50 50 36 50 50 45 50 50 50 50 31 50 31 50 50 50 50 50 41 50 50 50 50 29 50 50 41 50 50 50 50 50 50 50 50 50 17 50 50 50 50 50 50 50 50 50 16 50 50 50 50 50 50 50 50 50 50 24 50 7 50 50 50 50 50 50 50 50]
  [50 50 50 50 50 50 50 21 50 50 50 30 50 50 50 50 50 50 50 50 50 50 25 50 11 50 50 11 50 50 50 6 50 50 50 50 50 50 50 50 0 25 40 50 50 50 50 50 50 50 50 50 50 50 50 50 50 37 50 50 50 50 50 50 50 50 50 50 50 50 17 50 50 50 50 50 50 30 50 47 50 50 50 23 50 50 15 50 50 47 50 50 50 7 50 50 50 50 50 50 50 50 50 50 19 50 50 50 50 50 50 50 50 50 50 26 50 50 50 50 15 50 50 50 50 50 28 50 50 50 50 50 50 31 50 50 50 50 45 50 11 50 50 50 50 50 50 50 50 50]
  [50 50 50 50 50 50 50 23 50 50 50 6 50 50 50 50 50 32 50 50 50 50 1 50 14 50 50 34 50 50 42 30 50 46 50 50 50 38 40 50 25 0 30 50 50 50 50 50 46 43 50 50 50 50 50 50 50 48 50 50 50 50 50 50 50 50 50 50 50 50 20 50 50 50 50 50 40 6 50 50 50 50 50 5 50 50 14 50 50 23 50 50 50 18 50 50 50 50 50 50 50 50 50 49 29 50 50 50 50 50 50 50 50 50 50 13 50 50 50 50 26 50 50 50 50 50 6 50 50 50 50 50 50 15 50 50 50 50 28 50 20 50 50 50 50 50 50 50 50 26]
  [50 50 50 28 50 50 50 20 50 50 50 27 50 50 50 50 50 17 50 50 50 50 32 50 32 50 50 50 49 50 23 41 50 36 42 50 50 50 39 50 40 30 0 50 50 50 50 50 29 13 50 50 50 29 34 50 50 34 50 50 50 50 50 50 50 50 50 50 50 50 47 50 50 50 50 50 50 28 50 38 50 50 50 35 50 50 27 50 50 39 50 50 50 36 50 50 50 50 50 50 50 50 50 50 50 50 43 50 50 50 50 50 50 50 45 43 50 50 50 50 50 32 50 43 50 44 35 50 50 50 50 50 50 45 50 50 50 50 14 50 30 50 50 50 50 47 50 50 38 40]
  [50 50 50 50 50 50 50 50 23 50 50 50 50 50 50 50 50 50 50 50 50 50 50 34 50 50 50 50 50 39 50 50 50 50 50 50 50 50 50 50 50 50 50 0 50 50 50 50 50 50 50 50 50 50 50 50 50 50 50 50 50 50 50 50 50 50 50 50 50 50 50 50 50 50 50 50 50 50 50 50 50 28 50 50 50 50 50 50 50 50 50 50 50 50 50 50 50 50 50 50 50 50 50 50 50 50 50 50 50 50 50 50 50 50 50 50 50 50 50 50 50 50 50 50 50 50 50 50 50 50 50 50 50 50 50 50 50 50 50 43 50 50 50 50 50 50 50 50 50 50]
  [50 27 30 50 50 34 50 50 50 50 50 50 50 50 50 50 50 50 50 50 50 50 50 50 50 50 50 50 50 50 50 50 50 50 43 31 50 50 50 50 50 50 50 50 0 46 50 50 50 50 38 50 50 50 50 19 50 50 50 50 50 50 50 50 7 27 14 48 50 50 50 50 50 50 50 50 50 50 50 50 50 50 50 50 50 32 50 50 50 50 50 12 50 50 50 50 43 50 50 50 50 13 50 50 50 50 43 50 50 50 12 50 50 50 50 50 50 50 50 38 50 47 21 50 22 36 50 50 50 50 50 50 50 50 50 10 50 39 50 50 50 50 50 50 41 50 50 50 50 50]
  [50 50 35 50 50 50 50 50 50 50 12 50 50 50 50 50 50 50 50 50 50 50 50 50 50 40 50 50 50 50 50 50 50 50 50 33 50 50 50 50 50 50 50 50 46 0 50 50 50 50 8 50 50 50 50 42 50 50 50 50 50 50 50 50 50 50 32 50 50 50 50 50 50 50 50 50 50 50 50 50 50 50 50 50 50 50 50 50 50 50 50 50 50 50 50 50 41 50 50 50 50 50 50 50 50 50 50 50 50 50 50 50 50 50 50 50 50 50 50 12 50 50 50 50 45 50 50 50 50 18 50 50 50 50 50 50 20 23 50 50 50 50 50 50 50 50 50 11 50 50]
  [50 50 50 50 14 50 50 50 50 47 50 50 50 50 16 50 37 50 37 50 50 20 50 50 50 50 48 50 17 50 45 50 15 40 50 50 50 50 50 50 50 50 50 50 50 50 0 41 39 50 50 50 44 38 50 50 50 50 39 50 50 50 50 39 50 50 50 36 50 50 50 50 10 50 50 50 50 50 50 50 50 50 50 50 50 50 50 50 50 50 50 50 50 50 50 50 50 50 50 50 50 50 50 50 50 50 47 50 50 50 50 17 50 50 23 50 29 27 50 50 50 50 50 50 50 50 50 50 50 50 50 50 31 50 32 50 50 50 50 50 50 50 11 50 50 20 50 50 50 50]
  [50 50 50 50 47 50 36 50 50 8 50 50 50 50 48 50 41 50 14 50 50 48 50 50 50 50 34 50 48 50 50 50 49 50 50 50 50 50 50 50 50 50 50 50 50 50 41 0 50 50 50 50 37 50 50 50 43 50 50 50 50 50 50 23 50 50 50 50 50 50 50 50 47 34 47 44 50 50 32 50 50 50 32 50 50 50 50 50 50 50 21 50 50 50 50 50 50 50 50 50 50 50 50 50 50 50 50 47 50 40 50 33 33 45 50 50 13 25 50 50 50 50 50 50 50 50 50 50 50 50 50 43 29 50 50 50 50 50 50 50 50 50 31 50 50 50 50 50 50 50]
  [50 50 50 43 25 50 50 47 50 50 50 40 50 50 50 50 50 15 50 50 50 50 47 50 50 50 42 50 22 50 6 50 25 13 50 50 50 50 23 50 50 46 29 50 50 50 39 50 0 28 50 50 50 6 50 50 36 50 50 50 50 50 50 50 50 50 50 50 50 50 50 50 30 50 50 50 50 41 50 50 50 50 50 50 50 50 50 50 50 39 50 50 50 50 50 50 50 50 50 50 50 50 50 50 50 50 36 50 50 50 50 32 50 50 20 50 50 50 50 50 50 41 50 50 50 50 48 50 50 50 50 50 50 50 50 50 50 50 20 50 50 50 46 50 50 20 50 50 50 37]
  [50 39 50 17 48 50 50 30 50 50 50 40 50 50 50 50 50 23 50 50 50 50 44 50 44 50 50 50 46 50 24 50 47 39 31 50 50 50 45 50 50 43 13 50 50 50 50 50 28 0 50 50 50 26 25 50 50 35 50 50 50 50 50 50 50 38 50 50 50 50 50 50 50 50 50 50 50 40 50 35 50 50 50 47 50 50 39 50 50 50 50 50 50 48 50 50 50 50 50 50 50 50 50 50 50 50 31 50 50 50 50 50 50 50 39 50 50 50 50 50 50 19 44 35 50 31 48 50 50 50 50 50 50 50 50 50 50 50 22 50 40 50 50 50 50 43 50 50 29 50]
  [50 50 30 50 50 50 50 50 50 50 18 50 50 50 50 50 50 50 50 50 50 50 50 50 50 39 50 50 50 50 50 50 50 50 50 27 50 50 50 50 50 50 50 50 38 8 50 50 50 50 0 50 50 50 50 36 50 50 50 50 50 50 50 50 45 50 24 50 50 50 50 50 50 50 50 50 50 50 50 50 50 50 50 50 50 50 50 50 50 50 50 48 50 50 50 50 36 50 50 50 50 47 50 50 50 50 50 50 50 50 43 50 50 50 50 50 50 50 50 7 50 50 50 50 39 50 50 50 50 25 50 50 50 50 50 49 22 18 50 50 50 50 50 50 50 50 50 18 50 50]
  [18 50 50 50 50 50 50 50 50 50 50 50 50 50 36 50 31 50 50 21 50 32 50 50 50 50 50 50 50 50 50 50 50 50 50 50 50 50 50 38 50 50 50 50 50 50 50 50 50 50 50 0 39 50 50 50 50 50 32 50 50 42 14 50 50 50 50 50 35 21 50 33 50 50 50 50 50 50 50 50 38 50 50 50 50 50 50 50 50 50 50 50 7 50 7 50 50 50 50 50 32 50 50 50 50 50 50 50 36 50 50 50 50 50 50 50 50 46 46 50 50 50 50 50 50 50 50 48 25 50 50 50 43 50 22 50 50 50 50 50 50 35 50 50 50 50 50 50 50 50]
  [50 50 50 50 50 50 50 50 50 44 50 50 50 46 37 50 10 50 23 50 50 32 50 50 50 50 50 50 50 50 50 50 50 50 50 50 47 50 50 50 50 50 50 50 50 50 44 37 50 50 50 39 0 50 50 50 50 50 50 50 42 50 31 13 50 50 50 50 50 50 50 50 50 36 50 50 50 50 50 50 31 50 50 50 50 50 50 50 48 50 26 50 46 50 46 50 50 50 50 47 48 50 50 50 50 50 50 50 50 50 50 50 50 50 50 50 31 19 50 50 50 50 50 50 50 50 50 33 50 50 50 50 13 50 25 50 50 50 50 50 50 50 35 45 50 50 48 50 50 50]
  [50 47 50 39 24 50 50 48 50 50 50 45 50 50 50 50 50 18 50 50 50 50 50 50 50 50 48 50 21 50 9 50 23 19 50 50 50 50 29 50 50 50 29 50 50 50 38 50 6 26 50 50 50 0 49 50 42 50 50 50 50 50 50 50 50 48 50 46 50 50 50 50 28 50 50 50 50 45 50 50 50 50 50 50 50 50 50 50 50 45 50 50 50 50 50 50 50 50 50 50 50 50 50 50 50 50 30 50 50 50 50 33 50 50 16 50 50 50 50 50 50 37 50 50 50 46 50 50 50 50 50 50 50 50 50 50 50 50 23 50 50 50 46 50 50 18 50 50 50 43]
  [50 33 50 11 50 50 50 40 50 50 50 50 50 50 50 50 50 48 50 50 50 50 50 50 50 50 50 50 50 50 49 50 50 50 11 50 50 50 50 50 50 50 34 50 50 50 50 50 50 25 50 50 50 49 0 50 50 25 50 50 50 50 50 50 49 31 50 50 50 50 50 50 50 50 50 50 50 50 50 19 50 50 50 50 50 50 50 50 50 50 50 50 50 50 50 50 50 50 50 50 50 42 50 50 50 50 38 50 50 50 45 50 50 50 50 50 50 50 50 50 50 16 36 11 49 21 50 50 50 50 50 50 50 50 50 48 50 50 47 50 49 50 50 50 50 50 50 50 4 50]
  [50 34 14 50 50 50 50 50 50 50 50 50 50 50 50 50 50 50 50 50 50 50 50 50 50 50 50 50 50 50 50 50 50 50 40 42 50 50 50 50 50 50 50 50 19 42 50 50 50 50 36 50 50 50 50 0 50 50 50 50 50 50 50 50 21 33 21 50 50 50 50 50 50 50 50 50 50 50 50 50 50 50 50 50 50 50 50 50 50 50 50 30 50 50 50 50 50 50 50 50 50 16 50 50 50 50 50 50 50 50 11 50 50 50 50 50 50 50 50 39 50 49 29 49 4 37 50 50 50 50 50 50 50 50 50 25 50 45 50 50 50 50 50 50 50 50 50 50 47 50]
  [50 50 50 50 43 50 50 50 50 40 50 48 50 50 50 50 50 39 50 50 50 50 50 50 50 50 10 50 40 50 39 50 44 23 50 50 50 34 16 50 50 50 50 50 50 50 50 43 36 50 50 50 50 42 50 50 0 50 50 50 50 50 50 50 50 50 50 50 50 50 50 50 46 50 50 50 29 48 40 50 50 50 25 50 50 50 50 50 50 32 50 50 50 50 50 29 50 50 50 50 50 50 50 30 50 50 50 50 50 50 50 33 50 50 47 50 44 50 50 50 50 50 50 50 50 50 50 50 50 50 50 29 50 50 50 50 50 50 42 50 50 50 48 50 50 41 50 50 50 28]
  [50 50 50 31 50 50 50 26 50 50 50 50 50 50 50 50 50 50 50 50 50 50 50 50 39 50 50 43 50 50 50 33 50 50 36 50 50 50 50 50 37 48 34 50 50 50 50 50 50 35 50 50 50 50 25 50 50 0 50 50 50 50 50 50 50 50 50 50 50 50 50 50 50 50 50 50 50 50 50 9 50 50 50 50 50 50 36 50 50 50 50 50 50 39 50 50 50 50 50 50 50 50 50 50 50 50 50 50 50 50 50 50 50 50 50 50 50 50 50 50 50 38 50 24 50 45 50 50 50 50 50 50 50 50 50 50 50 50 47 50 31 50 50 50 50 50 50 50 28 50]
  [38 50 50 50 47 31 50 50 50 50 50 50 50 50 27 50 46 50 50 47 50 27 50 50 50 50 50 50 50 50 50 50 46 50 50 50 50 50 50 50 50 50 50 50 50 50 39 50 50 50 50 32 50 50 50 50 50 50 0 50 50 44 44 50 50 50 50 23 33 45 50 49 43 50 50 50 50 50 50 50 50 50 50 50 50 34 50 50 50 50 50 50 33 50 33 50 50 50 50 50 50 50 50 50 50 48 50 50 50 50 50 50 50 50 48 50 50 50 50 50 50 50 50 50 50 50 50 50 38 50 50 50 50 50 31 50 50 50 50 50 50 50 45 50 44 50 50 50 50 50]
  [50 50 50 50 50 50 50 50 50 50 50 50 50 9 50 50 50 50 50 50 50 50 50 50 50 50 50 50 50 41 50 50 50 50 50 50 27 50 50 50 50 50 50 50 50 50 50 50 50 50 50 50 50 50 50 50 50 50 50 0 31 50 50 50 50 50 50 50 50 50 50 50 50 50 50 50 50 50 50 50 29 50 50 50 50 50 50 50 50 50 50 50 50 50 50 50 50 50 50 28 42 50 50 50 50 50 50 50 40 50 50 50 50 50 50 50 50 50 50 50 50 50 50 50 50 50 50 23 50 50 50 50 50 50 50 50 50 50 50 50 50 50 50 13 50 50 7 50 50 50]
  [50 50 50 50 50 50 50 50 50 50 50 50 50 25 50 24 50 50 50 50 50 50 50 50 50 50 50 50 50 50 50 50 50 50 50 50 6 50 50 50 50 50 50 50 50 50 50 50 50 50 50 50 42 50 50 50 50 50 50 31 0 50 50 46 50 50 50 50 50 50 50 50 50 30 50 50 50 50 50 50 36 50 50 50 50 50 50 50 23 50 39 50 50 50 50 50 50 50 50 5 50 50 50 50 50 50 50 50 50 50 50 50 50 32 50 50 50 50 50 50 50 50 50 50 50 50 50 27 50 50 44 50 50 50 50 50 50 50 50 50 50 50 50 33 50 50 29 50 50 50]
  [27 50 50 50 50 50 50 50 50 50 50 50 19 50 50 50 50 50 50 34 34 50 50 50 50 50 50 50 50 50 50 50 50 50 50 50 50 50 50 20 50 50 50 50 50 50 50 50 50 50 50 42 50 50 50 50 50 50 44 50 50 0 50 50 50 50 50 50 12 31 50 19 50 50 50 50 50 50 50 50 50 50 50 50 28 50 50 28 50 50 50 50 36 50 36 50 50 50 47 50 50 50 50 50 50 10 50 50 50 50 50 50 50 50 50 50 50 50 7 50 50 50 50 50 50 50 50 50 19 50 50 50 50 50 50 50 50 50 50 38 50 26 50 50 44 50 50 50 50 50]
  [27 50 50 50 50 50 50 50 50 50 50 50 50 46 42 50 26 50 50 25 50 36 50 50 50 50 50 50 50 50 50 50 50 50 50 50 50 50 50 45 50 50 50 50 50 50 50 50 50 50 50 14 31 50 50 50 50 50 44 50 50 50 0 44 50 50 50 50 49 26 50 41 50 50 50 50 50 50 50 50 24 50 50 50 50 50 50 50 50 50 50 50 18 50 19 50 50 50 50 50 22 50 50 50 50 50 50 50 27 50 50 50 50 50 50 50 50 44 50 50 50 50 50 50 50 50 50 33 35 50 50 50 38 50 24 50 50 50 50 50 50 40 50 39 50 50 45 50 50 50]
  [50 50 50 50 50 50 50 50 50 31 50 50 50 50 37 50 19 50 10 50 50 34 50 50 50 50 50 50 50 50 50 50 50 50 50 50 50 50 50 50 50 50 50 50 50 50 39 23 50 50 50 50 13 50 50 50 50 50 50 50 46 50 44 0 50 50 50 50 50 50 50 50 48 30 50 50 50 50 50 50 43 50 50 50 50 50 50 50 45 50 17 50 50 50 50 50 50 50 50 50 50 50 50 50 50 50 50 50 50 50 50 41 47 45 50 50 19 13 50 50 50 50 50 50 50 50 50 43 50 50 50 50 10 50 32 50 50 50 50 50 50 50 29 50 50 50 50 50 50 50]
  [50 20 34 47 50 31 50 50 50 50 50 50 50 50 50 50 50 50 50 50 50 50 50 50 50 50 50 50 50 50 50 50 50 50 37 37 50 50 50 50 50 50 50 50 7 50 50 50 50 50 45 50 50 50 49 21 50 50 50 50 50 50 50 50 0 20 21 43 50 50 50 50 50 50 50 50 50 50 50 50 50 50 50 50 50 31 50 50 50 50 50 9 50 50 50 50 48 50 50 50 50 9 50 50 50 50 36 50 50 50 12 50 50 50 50 50 50 50 50 45 50 41 15 50 24 29 50 50 50 50 50 50 50 50 50 4 50 46 50 50 50 50 50 50 44 50 50 50 46 50]
  [50 3 47 27 50 35 50 50 50 50 50 50 50 50 50 50 50 50 50 50 50 50 50 50 50 50 50 50 50 50 50 50 50 50 20 50 50 50 50 50 50 50 50 50 27 50 50 50 50 38 50 50 50 48 31 33 50 50 50 50 50 50 50 50 20 0 41 41 50 50 50 50 50 50 50 50 50 50 50 49 50 50 50 50 50 42 50 50 50 50 50 24 50 50 50 50 50 50 50 50 50 18 50 50 50 50 21 50 50 50 23 50 50 50 48 50 50 50 50 50 50 20 6 36 33 10 50 50 50 50 50 50 50 50 50 18 50 50 50 50 50 50 50 50 50 50 50 50 28 50]
  [50 41 26 50 50 44 50 50 50 50 40 50 50 50 50 50 50 50 50 50 50 50 50 50 50 46 50 50 50 50 50 50 50 50 50 21 50 50 50 50 50 50 50 50 14 32 50 50 50 50 24 50 50 50 50 21 50 50 50 50 50 50 50 50 21 41 0 50 50 50 50 50 50 50 50 50 50 50 50 50 50 50 50 50 50 37 50 50 50 50 50 24 50 50 50 50 34 50 50 50 50 25 50 50 50 50 50 50 50 50 22 50 50 50 50 50 50 50 50 24 50 50 35 50 24 49 50 50 50 49 50 50 50 50 50 25 40 26 50 50 50 50 50 50 40 50 50 41 50 50]
  [50 39 50 50 36 15 50 50 50 50 50 50 50 50 33 50 50 50 50 50 50 37 50 50 50 50 50 50 38 50 50 50 34 50 50 50 50 50 50 50 50 50 50 50 48 50 36 50 50 50 50 50 50 46 50 50 50 50 23 50 50 50 50 50 43 41 50 0 50 50 50 50 33 50 50 50 50 50 50 50 50 50 50 50 50 26 50 50 50 50 50 36 50 50 50 50 50 50 50 50 50 50 50 50 50 50 29 50 50 50 50 50 50 50 32 50 50 50 50 50 50 50 41 50 50 49 50 50 50 50 50 50 50 50 47 39 50 50 50 50 50 50 45 50 45 37 50 50 50 50]
  [24 50 50 50 50 50 50 50 50 50 50 50 23 50 50 50 50 50 50 33 42 50 50 50 50 50 50 50 50 50 50 50 50 50 50 50 50 50 50 27 50 50 50 50 50 50 50 50 50 50 50 35 50 50 50 50 50 50 33 50 50 12 49 50 50 50 50 50 0 30 50 24 50 50 50 50 50 50 50 50 50 50 50 50 39 45 50 34 50 50 50 50 30 50 30 50 50 50 48 50 50 50 50 50 50 16 50 50 50 50 50 50 50 50 50 50 50 50 19 50 50 50 50 50 50 50 50 50 17 50 50 50 50 50 50 50 50 50 50 48 50 31 50 50 38 50 50 50 50 50]
  [7 50 50 50 50 50 50 50 50 50 50 50 50 50 50 50 50 50 50 4 50 50 50 42 50 50 50 50 50 50 50 50 50 50 50 50 50 50 50 18 50 50 50 50 50 50 50 50 50 50 50 21 50 50 50 50 50 50 45 50 50 31 26 50 50 50 50 50 30 0 50 15 50 50 50 50 50 50 50 50 45 45 50 50 50 50 50 50 50 50 50 50 14 50 15 50 50 50 50 50 27 50 50 50 50 40 50 50 29 50 50 50 50 50 50 50 50 50 32 50 50 50 50 50 50 50 50 50 13 50 50 50 50 50 42 50 50 50 50 39 50 14 50 50 50 50 50 50 50 50]
  [50 50 50 50 50 50 50 32 50 50 50 26 50 50 50 50 50 50 50 50 50 50 20 50 16 50 50 20 50 50 50 23 50 50 50 50 50 48 50 50 17 20 47 50 50 50 50 50 50 50 50 50 50 50 50 50 50 50 50 50 50 50 50 50 50 50 50 50 50 50 0 50 50 50 50 50 50 26 50 50 50 50 50 16 50 50 21 50 50 39 50 50 50 14 50 50 50 50 50 50 50 50 50 50 9 50 50 50 50 50 50 50 50 50 50 13 50 50 50 50 6 50 50 50 50 50 20 50 50 50 50 50 50 18 50 50 50 50 47 50 22 50 50 50 50 50 50 50 50 43]
  [15 50 50 50 50 50 50 50 50 50 50 50 38 50 50 50 50 50 50 17 50 50 50 46 50 50 50 50 50 50 50 50 50 50 50 50 50 50 50 4 50 50 50 50 50 50 50 50 50 50 50 33 50 50 50 50 50 50 49 50 50 19 41 50 50 50 50 50 24 15 50 0 50 50 50 50 50 50 50 50 50 48 50 50 39 50 50 45 50 50 50 50 26 50 27 50 50 50 50 50 39 50 50 50 50 29 50 50 40 50 50 50 50 50 50 50 50 50 18 50 50 50 50 50 50 50 50 50 11 50 50 50 50 50 50 50 50 50 50 28 50 7 50 50 50 50 50 50 50 50]
  [50 50 50 50 5 47 50 50 50 50 50 50 50 50 24 50 47 45 45 50 50 29 50 50 50 50 46 50 9 50 36 50 5 32 50 50 50 50 43 50 50 50 50 50 50 50 10 47 30 50 50 50 50 28 50 50 46 50 43 50 50 50 50 48 50 50 50 33 50 50 50 50 0 50 50 50 50 50 50 50 50 50 50 50 50 50 50 50 50 50 50 50 50 50 50 50 50 50 50 50 50 50 50 50 50 50 39 50 50 50 50 16 50 50 14 50 35 35 50 50 50 50 50 50 50 50 50 50 50 50 50 50 41 50 41 50 50 50 50 50 50 50 19 50 50 11 50 50 50 50]
  [50 50 50 50 50 50 33 50 50 36 50 50 50 50 50 24 45 50 30 50 50 50 50 50 50 50 50 50 50 50 50 50 50 50 50 50 35 50 50 50 50 50 50 50 50 50 50 34 50 50 50 50 36 50 50 50 50 50 50 50 30 50 50 30 50 50 50 50 50 50 50 50 50 0 37 33 50 50 50 50 50 50 50 50 50 50 50 50 17 50 14 50 50 50 50 50 50 38 50 34 50 50 34 50 50 50 50 50 50 35 50 50 28 15 50 50 41 42 50 50 50 50 50 50 50 50 50 45 50 50 29 50 40 50 50 50 50 50 50 50 50 50 50 50 50 50 50 50 50 50]
  [50 50 50 50 50 50 12 50 50 42 50 50 50 50 50 41 50 50 50 50 50 50 50 50 50 50 50 50 50 50 50 50 50 50 50 50 50 50 50 50 50 50 50 50 50 50 50 47 50 50 50 50 50 50 50 50 50 50 50 50 50 50 50 50 50 50 50 50 50 50 50 50 50 37 0 4 50 50 34 50 50 50 48 50 50 50 50 50 39 50 43 50 50 50 50 50 50 7 50 50 50 50 10 50 50 50 50 29 50 9 50 50 14 29 50 50 50 50 50 50 50 50 50 50 50 50 50 50 50 50 22 50 50 50 50 50 50 50 50 50 50 50 50 50 50 50 50 50 50 50]
  [50 50 50 50 50 50 10 50 50 39 50 50 50 50 50 38 50 50 50 50 50 50 50 50 50 50 50 50 50 50 50 50 50 50 50 50 50 50 50 50 50 50 50 50 50 50 50 44 50 50 50 50 50 50 50 50 50 50 50 50 50 50 50 50 50 50 50 50 50 50 50 50 50 33 4 0 50 50 33 50 50 50 47 50 50 50 50 50 36 50 40 50 50 50 50 50 50 9 50 50 50 50 10 50 50 50 50 30 50 8 50 50 11 25 50 50 50 50 50 50 50 50 50 50 50 50 50 50 50 50 20 50 50 50 50 50 50 50 50 50 50 50 50 50 50 50 50 50 50 50]
  [50 50 50 50 50 50 50 50 50 50 50 37 50 50 50 50 50 46 50 50 50 50 39 50 50 50 36 50 50 50 50 50 50 42 50 50 50 5 30 50 50 40 50 50 50 50 50 50 50 50 50 50 50 50 50 50 29 50 50 50 50 50 50 50 50 50 50 50 50 50 50 50 50 50 50 50 0 36 50 50 50 50 43 40 50 50 50 50 50 19 50 50 50 50 50 27 50 50 50 50 50 50 50 9 50 50 50 50 50 50 50 50 50 50 50 38 50 50 50 50 50 50 50 50 50 50 35 50 50 50 50 38 50 33 50 50 50 50 46 50 50 50 50 50 50 50 50 50 50 18]
  [50 50 50 50 50 50 50 24 50 50 50 0 50 50 50 50 50 27 50 50 50 50 6 50 19 50 50 40 50 50 36 35 50 40 50 50 50 36 34 50 30 6 28 50 50 50 50 50 41 40 50 50 50 45 50 50 48 50 50 50 50 50 50 50 50 50 50 50 50 50 26 50 50 50 50 50 36 0 50 50 50 50 50 10 50 50 17 50 50 18 50 50 50 23 50 50 50 50 50 50 50 50 50 46 35 50 50 50 50 50 50 50 50 50 50 17 50 50 50 50 32 50 50 50 50 50 8 50 50 50 50 50 50 18 50 50 50 50 23 50 24 50 50 50 50 50 50 50 50 21]
  [50 50 50 50 50 50 24 50 50 24 50 50 50 50 50 50 50 50 46 50 50 50 50 50 50 50 31 50 50 50 50 50 50 50 50 50 50 50 50 50 50 50 50 50 50 50 50 32 50 50 50 50 50 50 50 50 40 50 50 50 50 50 50 50 50 50 50 50 50 50 50 50 50 50 34 33 50 50 0 50 50 50 15 50 50 50 50 50 50 50 45 50 50 50 50 30 50 41 50 50 50 50 43 48 50 50 50 16 50 26 50 50 27 50 50 50 44 50 50 50 50 50 50 50 50 50 50 50 50 50 50 18 50 50 50 50 50 50 50 50 50 50 50 50 50 50 50 50 50 50]
  [50 50 50 27 50 50 50 33 50 50 50 50 50 50 50 50 50 50 50 50 50 50 50 50 48 50 50 50 50 50 50 42 50 50 29 50 50 50 50 50 47 50 38 50 50 50 50 50 50 35 50 50 50 50 19 50 50 9 50 50 50 50 50 50 50 49 50 50 50 50 50 50 50 50 50 50 50 50 50 0 50 50 50 50 50 50 44 50 50 50 50 50 50 48 50 50 50 50 50 50 50 50 50 50 50 50 50 50 50 50 50 50 50 50 50 50 50 50 50 50 50 34 50 15 50 39 50 50 50 50 50 50 50 50 50 50 50 50 50 50 40 50 50 50 50 50 50 50 21 50]
  [49 50 50 50 50 50 50 50 50 50 50 50 50 22 50 50 33 50 50 42 50 50 50 48 50 50 50 50 50 45 50 50 50 50 50 50 37 50 50 50 50 50 50 50 50 50 50 50 50 50 50 38 31 50 50 50 50 50 50 29 36 50 24 43 50 50 50 50 50 45 50 50 50 50 50 50 50 50 50 50 0 50 50 50 50 50 50 50 50 50 50 50 42 50 42 50 50 50 50 38 24 50 50 50 50 50 50 50 26 50 50 50 50 50 50 50 50 49 50 50 50 50 50 50 50 50 50 10 50 50 50 50 43 50 41 50 50 50 50 50 50 50 50 17 50 50 22 50 50 50]
  [50 50 50 50 50 50 50 50 7 50 50 50 50 50 50 50 50 50 50 42 50 50 50 6 50 50 50 50 50 15 50 50 50 50 50 50 50 50 50 46 50 50 50 28 50 50 50 50 50 50 50 50 50 50 50 50 50 50 50 50 50 50 50 50 50 50 50 50 50 45 50 48 50 50 50 50 50 50 50 50 50 0 50 50 50 50 50 50 50 50 50 50 50 50 50 50 50 50 50 50 34 50 50 50 50 50 50 50 30 50 50 50 50 50 50 50 50 50 50 50 50 50 50 50 50 50 50 50 50 50 50 50 50 50 50 50 50 50 50 39 50 40 50 49 50 50 50 50 50 50]
  [50 50 50 50 50 50 37 50 50 25 50 50 50 50 50 50 50 50 46 50 50 50 50 50 50 50 17 50 50 50 50 50 50 47 50 50 50 47 42 50 50 50 50 50 50 50 50 32 50 50 50 50 50 50 50 50 25 50 50 50 50 50 50 50 50 50 50 50 50 50 50 50 50 50 48 47 43 50 15 50 50 50 0 50 50 50 50 50 50 50 50 50 50 50 50 22 50 50 50 50 50 50 50 38 50 50 50 28 50 40 50 43 39 50 50 50 40 50 50 50 50 50 50 50 50 50 50 50 50 50 50 12 50 50 50 50 50 50 50 50 50 50 50 50 50 50 50 50 50 50]
  [50 50 50 50 50 50 50 25 50 50 50 10 50 50 50 50 50 37 50 50 50 50 4 50 13 50 50 31 50 50 46 28 50 50 50 50 50 38 43 50 23 5 35 50 50 50 50 50 50 47 50 50 50 50 50 50 50 50 50 50 50 50 50 50 50 50 50 50 50 50 16 50 50 50 50 50 40 10 50 50 50 50 50 0 50 50 15 50 50 25 50 50 50 16 50 50 50 50 50 50 50 50 50 49 25 50 50 50 50 50 50 50 50 50 50 9 50 50 50 50 22 50 50 50 50 50 5 50 50 50 50 50 50 12 50 50 50 50 32 50 20 50 50 50 50 50 50 50 50 28]
  [50 50 50 50 50 50 50 50 50 50 50 50 26 50 50 50 50 50 50 50 18 50 50 50 50 50 50 50 50 50 50 50 50 50 50 50 50 50 50 36 50 50 50 50 50 50 50 50 50 50 50 50 50 50 50 50 50 50 50 50 50 28 50 50 50 50 50 50 39 50 50 39 50 50 50 50 50 50 50 50 50 50 50 50 0 50 50 20 50 50 50 50 50 50 50 50 50 50 45 50 50 50 50 50 50 24 50 50 50 50 50 50 50 50 50 50 50 50 23 50 50 50 50 50 50 50 50 50 44 50 50 50 50 50 50 50 50 50 50 35 50 42 50 50 50 50 50 50 50 50]
  [50 40 50 50 50 13 50 50 50 50 50 50 47 50 50 50 50 50 50 50 50 50 50 50 50 50 50 50 50 50 50 50 50 50 50 34 50 50 50 50 50 50 50 50 32 50 50 50 50 50 50 50 50 50 50 50 50 50 34 50 50 50 50 50 31 42 37 26 45 50 50 50 50 50 50 50 50 50 50 50 50 50 50 50 50 0 50 50 50 50 50 22 50 50 50 50 37 50 45 50 50 40 50 50 50 50 42 50 50 50 42 50 50 50 50 50 50 50 50 50 50 50 38 50 50 50 50 50 50 50 50 50 50 50 50 28 50 47 50 50 50 50 50 50 21 50 50 50 50 50]
  [50 50 50 49 50 50 50 11 50 50 50 17 50 50 50 50 50 36 50 50 50 50 15 50 6 50 50 26 50 50 45 18 50 50 50 50 50 50 50 50 15 14 27 50 50 50 50 50 50 39 50 50 50 50 50 50 50 36 50 50 50 50 50 50 50 50 50 50 50 50 21 50 50 50 50 50 50 17 50 44 50 50 50 15 50 50 0 50 50 36 50 50 50 9 50 50 50 50 50 50 50 50 50 50 28 50 50 50 50 50 50 50 50 50 50 22 50 50 50 50 24 50 50 50 50 50 19 50 50 50 50 50 50 26 50 50 50 50 30 50 7 50 50 50 50 50 50 50 50 39]
  [50 50 50 50 50 50 50 50 50 50 50 50 12 50 50 50 50 50 50 50 8 50 50 50 50 40 50 50 50 50 50 50 50 50 50 50 50 50 50 45 50 50 50 50 50 50 50 50 50 50 50 50 50 50 50 50 50 50 50 50 50 28 50 50 50 50 50 50 34 50 50 45 50 50 50 50 50 50 50 50 50 50 50 50 20 50 50 0 50 50 50 50 50 50 50 50 41 50 26 50 50 50 50 50 50 18 50 50 50 50 50 50 50 50 50 50 50 50 27 50 50 50 50 50 50 50 50 50 46 50 50 50 50 50 50 50 50 50 50 50 50 50 50 50 38 50 50 50 50 50]
  [50 50 50 50 50 50 40 50 50 50 50 50 50 47 50 7 50 50 47 50 50 50 50 50 50 50 50 50 50 50 50 50 50 50 50 50 27 50 50 50 50 50 50 50 50 50 50 50 50 50 50 50 48 50 50 50 50 50 50 50 23 50 50 45 50 50 50 50 50 50 50 50 50 17 39 36 50 50 50 50 50 50 50 50 50 50 50 50 0 50 31 50 50 50 50 50 50 36 50 26 50 50 32 50 50 50 50 50 50 41 50 50 36 10 50 50 50 50 50 50 50 50 50 50 50 50 50 47 50 50 21 50 50 50 50 50 50 50 50 50 50 50 50 50 50 50 50 50 50 50]
  [50 50 50 50 50 50 50 42 50 50 50 18 50 50 50 50 50 29 50 50 50 50 22 50 37 50 42 50 50 50 37 50 50 32 50 50 50 20 22 50 47 23 39 50 50 50 50 50 39 50 50 50 50 45 50 50 32 50 50 50 50 50 50 50 50 50 50 50 50 50 39 50 50 50 50 50 19 18 50 50 50 50 50 25 50 50 36 50 50 0 50 50 50 40 50 44 50 50 50 50 50 50 50 29 48 50 50 50 50 50 50 50 50 50 50 26 50 50 50 50 45 50 50 50 50 50 20 50 50 50 50 50 50 23 50 50 50 50 28 50 42 50 50 50 50 50 50 50 50 4]
  [50 50 50 50 50 50 36 50 50 25 50 50 50 50 50 38 35 50 16 50 50 50 50 50 50 50 50 50 50 50 50 50 50 50 50 50 45 50 50 50 50 50 50 50 50 50 50 21 50 50 50 50 26 50 50 50 50 50 50 50 39 50 50 17 50 50 50 50 50 50 50 50 50 14 43 40 50 50 45 50 50 50 50 50 50 50 50 50 31 50 0 50 50 50 50 50 50 46 50 44 50 50 43 50 50 50 50 50 50 39 50 50 31 29 50 50 27 28 50 50 50 50 50 50 50 50 50 46 50 50 41 50 27 50 49 50 50 50 50 50 50 50 43 50 50 50 50 50 50 50]
  [50 22 42 50 50 22 50 50 50 50 50 50 50 50 50 50 50 50 50 50 50 50 50 50 50 50 50 50 50 50 50 50 50 50 43 34 50 50 50 50 50 50 50 50 12 50 50 50 50 50 48 50 50 50 50 30 50 50 50 50 50 50 50 50 9 24 24 36 50 50 50 50 50 50 50 50 50 50 50 50 50 50 50 50 50 22 50 50 50 50 50 0 50 50 50 50 44 50 50 50 50 18 50 50 50 50 34 50 50 50 21 50 50 50 50 50 50 50 50 47 50 43 18 50 32 33 50 50 50 50 50 50 50 50 50 7 50 45 50 50 50 50 50 50 37 50 50 50 50 50]
  [11 50 50 50 50 50 50 50 50 50 50 50 50 50 42 50 38 50 50 15 50 38 50 50 50 50 50 50 50 50 50 50 50 50 50 50 50 50 50 31 50 50 50 50 50 50 50 50 50 50 50 7 46 50 50 50 50 50 33 50 50 36 18 50 50 50 50 50 30 14 50 26 50 50 50 50 50 50 50 50 42 50 50 50 50 50 50 50 50 50 50 50 0 50 1 50 50 50 50 50 31 50 50 50 50 45 50 50 34 50 50 50 50 50 50 50 50 50 40 50 50 50 50 50 50 50 50 50 18 50 50 50 49 50 28 50 50 50 50 50 50 28 50 50 50 50 50 50 50 50]
  [50 50 50 50 50 50 50 19 50 50 50 23 50 50 50 50 50 45 50 50 50 50 18 50 4 50 50 17 50 50 50 12 50 50 50 50 50 50 50 50 7 18 36 50 50 50 50 50 50 48 50 50 50 50 50 50 50 39 50 50 50 50 50 50 50 50 50 50 50 50 14 50 50 50 50 50 50 23 50 48 50 50 50 16 50 50 9 50 50 40 50 50 50 0 50 50 50 50 50 50 50 50 50 50 20 50 50 50 50 50 50 50 50 50 50 20 50 50 50 50 15 50 50 50 50 50 21 50 50 50 50 50 50 25 50 50 50 50 39 50 8 50 50 50 50 50 50 50 50 44]
  [11 50 50 50 50 50 50 50 50 50 50 50 50 50 42 50 38 50 50 16 50 37 50 50 50 50 50 50 50 50 50 50 50 50 50 50 50 50 50 31 50 50 50 50 50 50 50 50 50 50 50 7 46 50 50 50 50 50 33 50 50 36 19 50 50 50 50 50 30 15 50 27 50 50 50 50 50 50 50 50 42 50 50 50 50 50 50 50 50 50 50 50 1 50 0 50 50 50 50 50 31 50 50 50 50 45 50 50 35 50 50 50 50 50 50 50 50 50 40 50 50 50 50 50 50 50 50 50 18 50 50 50 49 50 28 50 50 50 50 50 50 28 50 50 50 50 50 50 50 50]
  [50 50 50 50 50 50 50 50 50 47 50 50 50 50 50 50 50 50 50 50 50 50 50 50 50 50 28 50 50 50 50 50 50 50 50 50 50 31 42 50 50 50 50 50 50 50 50 50 50 50 50 50 50 50 50 50 29 50 50 50 50 50 50 50 50 50 50 50 50 50 50 50 50 50 50 50 27 50 30 50 50 50 22 50 50 50 50 50 50 44 50 50 50 50 50 0 50 50 50 50 50 50 50 19 50 50 50 35 50 50 50 50 50 50 50 50 50 50 50 50 50 50 50 50 50 50 50 50 50 50 50 12 50 50 50 50 50 50 50 50 50 50 50 50 50 50 50 50 50 41]
  [50 50 50 50 50 50 50 50 50 50 38 50 40 50 50 50 50 50 50 50 45 50 50 50 50 17 50 50 50 50 50 50 50 50 50 13 50 50 50 50 50 50 50 50 43 41 50 50 50 50 36 50 50 50 50 50 50 50 50 50 50 50 50 50 48 50 34 50 50 50 50 50 50 50 50 50 50 50 50 50 50 50 50 50 50 37 50 41 50 50 50 44 50 50 50 50 0 50 16 50 50 50 50 50 50 49 50 50 50 50 50 50 50 50 50 50 50 50 50 29 50 50 50 50 50 50 50 50 50 49 50 50 50 50 50 49 30 18 50 50 50 50 50 50 20 50 50 42 50 50]
  [50 50 50 50 50 50 19 50 50 48 50 50 50 50 50 37 50 50 50 50 50 50 50 50 50 50 50 50 50 50 50 50 50 50 50 50 50 50 50 50 50 50 50 50 50 50 50 50 50 50 50 50 50 50 50 50 50 50 50 50 50 50 50 50 50 50 50 50 50 50 50 50 50 38 7 9 50 50 41 50 50 50 50 50 50 50 50 50 36 50 46 50 50 50 50 50 50 0 50 50 50 50 5 50 50 50 50 36 50 16 50 50 20 27 50 50 50 50 50 50 50 50 50 50 50 50 50 50 50 50 17 50 50 50 50 50 50 50 50 50 50 50 50 50 50 50 50 50 50 50]
  [50 50 50 50 50 50 50 50 50 50 48 50 28 50 50 50 50 50 50 50 29 50 50 50 50 16 50 50 50 50 50 50 50 50 50 29 50 50 50 50 50 50 50 50 50 50 50 50 50 50 50 50 50 50 50 50 50 50 50 50 50 47 50 50 50 50 50 50 48 50 50 50 50 50 50 50 50 50 50 50 50 50 50 50 45 45 50 26 50 50 50 50 50 50 50 50 16 50 0 50 50 50 50 50 50 38 50 50 50 50 50 50 50 50 50 50 50 50 50 43 50 50 50 50 50 50 50 50 50 50 50 50 50 50 50 50 38 31 50 50 50 50 50 50 24 50 50 50 50 50]
  [50 50 50 50 50 50 50 50 50 50 50 50 50 23 50 25 50 50 50 50 50 50 50 50 50 50 50 50 50 50 50 50 50 50 50 50 1 50 50 50 50 50 50 50 50 50 50 50 50 50 50 50 47 50 50 50 50 50 50 28 5 50 50 50 50 50 50 50 50 50 50 50 50 34 50 50 50 50 50 50 38 50 50 50 50 50 50 50 26 50 44 50 50 50 50 50 50 50 50 0 50 50 50 50 50 50 50 50 50 50 50 50 50 36 50 50 50 50 50 50 50 50 50 50 50 50 50 28 50 50 46 50 50 50 50 50 50 50 50 50 50 50 50 33 50 50 27 50 50 50]
  [32 50 50 50 50 50 50 50 41 50 50 50 50 39 50 50 46 50 50 23 50 50 50 29 50 50 50 50 50 30 50 50 50 50 50 50 50 50 50 41 50 50 50 50 50 50 50 50 50 50 50 32 48 50 50 50 50 50 50 42 50 50 22 50 50 50 50 50 50 27 50 39 50 50 50 50 50 50 50 50 24 34 50 50 50 50 50 50 50 50 50 50 31 50 31 50 50 50 50 50 0 50 50 50 50 50 50 50 4 50 50 50 50 50 50 50 50 50 50 50 50 50 50 50 50 50 50 32 40 50 50 50 50 50 46 50 50 50 50 50 50 34 50 29 50 50 36 50 50 50]
  [50 19 29 41 50 39 50 50 50 50 50 50 50 50 50 50 50 50 50 50 50 50 50 50 50 50 50 50 50 50 50 50 50 50 31 43 50 50 50 50 50 50 50 50 13 50 50 50 50 50 47 50 50 50 42 16 50 50 50 50 50 50 50 50 9 18 25 50 50 50 50 50 50 50 50 50 50 50 50 50 50 50 50 50 50 40 50 50 50 50 50 18 50 50 50 50 50 50 50 50 50 0 50 50 50 50 37 50 50 50 5 50 50 50 50 50 50 50 50 48 50 36 13 44 17 24 50 50 50 50 50 50 50 50 50 12 50 50 50 50 50 50 50 50 50 50 50 50 38 50]
  [50 50 50 50 50 50 20 50 50 47 50 50 50 50 50 33 50 50 50 50 50 50 50 50 50 50 50 50 50 50 50 50 50 50 50 50 50 50 50 50 50 50 50 50 50 50 50 50 50 50 50 50 50 50 50 50 50 50 50 50 50 50 50 50 50 50 50 50 50 50 50 50 50 34 10 10 50 50 43 50 50 50 50 50 50 50 50 50 32 50 43 50 50 50 50 50 50 5 50 50 50 50 0 50 50 50 50 39 50 17 50 50 19 22 50 50 50 50 50 50 50 50 50 50 50 50 50 50 50 50 13 50 50 50 50 50 50 50 50 50 50 50 50 50 50 50 50 50 50 50]
  [50 50 50 50 50 50 50 50 50 50 50 46 50 50 50 50 50 50 50 50 50 50 48 50 50 50 35 50 50 50 50 50 50 47 50 50 50 12 36 50 50 49 50 50 50 50 50 50 50 50 50 50 50 50 50 50 30 50 50 50 50 50 50 50 50 50 50 50 50 50 50 50 50 50 50 50 9 46 48 50 50 50 38 49 50 50 50 50 50 29 50 50 50 50 50 19 50 50 50 50 50 50 50 0 50 50 50 50 50 50 50 50 50 50 50 47 50 50 50 50 50 50 50 50 50 50 44 50 50 50 50 31 50 42 50 50 50 50 50 50 50 50 50 50 50 50 50 50 50 27]
  [50 50 50 50 50 50 50 38 50 50 50 36 50 50 50 50 50 50 50 50 50 50 29 50 23 50 50 17 50 50 50 24 50 50 50 50 50 50 50 50 19 29 50 50 50 50 50 50 50 50 50 50 50 50 50 50 50 50 50 50 50 50 50 50 50 50 50 50 50 50 9 50 50 50 50 50 50 35 50 50 50 50 50 25 50 50 28 50 50 48 50 50 50 20 50 50 50 50 50 50 50 50 50 50 0 50 50 50 50 50 50 50 50 50 50 22 50 50 50 50 4 50 50 50 50 50 29 50 50 50 50 50 50 26 50 50 50 50 50 50 28 50 50 50 50 50 50 50 50 50]
  [36 50 50 50 50 50 50 50 50 50 50 50 10 50 50 50 50 50 50 44 26 50 50 50 50 50 50 50 50 50 50 50 50 50 50 50 50 50 50 29 50 50 50 50 50 50 50 50 50 50 50 50 50 50 50 50 50 50 48 50 50 10 50 50 50 50 50 50 16 40 50 29 50 50 50 50 50 50 50 50 50 50 50 50 24 50 50 18 50 50 50 50 45 50 45 50 49 50 38 50 50 50 50 50 50 0 50 50 50 50 50 50 50 50 50 50 50 50 12 50 50 50 50 50 50 50 50 50 28 50 50 50 50 50 50 50 50 50 50 43 50 35 50 50 38 50 50 50 50 50]
  [50 19 50 29 37 30 50 50 50 50 50 50 50 50 50 50 50 43 50 50 50 50 50 50 50 50 50 50 37 50 36 50 36 48 33 50 50 50 50 50 50 50 43 50 43 50 47 50 36 31 50 50 50 30 38 50 50 50 50 50 50 50 50 50 36 21 50 29 50 50 50 50 39 50 50 50 50 50 50 50 50 50 50 50 50 42 50 50 50 50 50 34 50 50 50 50 50 50 50 50 50 37 50 50 50 50 0 50 50 50 42 50 50 50 27 50 50 50 50 50 50 22 24 47 50 24 50 50 50 50 50 50 50 50 50 32 50 50 46 50 50 50 50 50 50 34 50 50 38 50]
  [50 50 50 50 50 50 24 50 50 39 50 50 50 50 50 50 50 50 50 50 50 50 50 50 50 50 45 50 50 50 50 50 50 50 50 50 50 50 50 50 50 50 50 50 50 50 50 47 50 50 50 50 50 50 50 50 50 50 50 50 50 50 50 50 50 50 50 50 50 50 50 50 50 50 29 30 50 50 16 50 50 50 28 50 50 50 50 50 50 50 50 50 50 50 50 35 50 36 50 50 50 50 39 50 50 50 50 0 50 24 50 50 29 50 50 50 50 50 50 50 50 50 50 50 50 50 50 50 50 50 50 25 50 50 50 50 50 50 50 50 50 50 50 50 50 50 50 50 50 50]
  [35 50 50 50 50 50 50 50 37 50 50 50 50 38 50 50 50 50 50 25 50 50 50 25 50 50 50 50 50 26 50 50 50 50 50 50 50 50 50 41 50 50 50 50 50 50 50 50 50 50 50 36 50 50 50 50 50 50 50 40 50 50 27 50 50 50 50 50 50 29 50 40 50 50 50 50 50 50 50 50 26 30 50 50 50 50 50 50 50 50 50 50 34 50 35 50 50 50 50 50 4 50 50 50 50 50 50 50 0 50 50 50 50 50 50 50 50 50 50 50 50 50 50 50 50 50 50 33 42 50 50 50 50 50 50 50 50 50 50 50 50 35 50 29 50 50 36 50 50 50]
  [50 50 50 50 50 50 4 50 50 34 50 50 50 50 50 44 50 50 48 50 50 50 50 50 50 50 50 50 50 50 50 50 50 50 50 50 50 50 50 50 50 50 50 50 50 50 50 40 50 50 50 50 50 50 50 50 50 50 50 50 50 50 50 50 50 50 50 50 50 50 50 50 50 35 9 8 50 50 26 50 50 50 40 50 50 50 50 50 41 50 39 50 50 50 50 50 50 16 50 50 50 50 17 50 50 50 50 24 50 0 50 50 8 31 50 50 50 50 50 50 50 50 50 50 50 50 50 50 50 50 28 43 50 50 50 50 50 50 50 50 50 50 50 50 50 50 50 50 50 50]
  [50 23 25 45 50 42 50 50 50 50 50 50 50 50 50 50 50 50 50 50 50 50 50 50 50 50 50 50 50 50 50 50 50 50 34 42 50 50 50 50 50 50 50 50 12 50 50 50 50 50 43 50 50 50 45 11 50 50 50 50 50 50 50 50 12 23 22 50 50 50 50 50 50 50 50 50 50 50 50 50 50 50 50 50 50 42 50 50 50 50 50 21 50 50 50 50 50 50 50 50 50 5 50 50 50 50 42 50 50 50 0 50 50 50 50 50 50 50 50 45 50 41 18 45 13 28 50 50 50 50 50 50 50 50 50 15 50 48 50 50 50 50 50 50 50 50 50 50 41 50]
  [50 50 50 50 16 50 50 50 50 36 50 50 50 50 32 50 47 45 35 50 50 36 50 50 50 50 31 50 16 50 37 50 17 27 50 50 50 50 35 50 50 50 50 50 50 50 17 33 32 50 50 50 50 33 50 50 33 50 50 50 50 50 50 41 50 50 50 50 50 50 50 50 16 50 50 50 50 50 50 50 50 50 43 50 50 50 50 50 50 50 50 50 50 50 50 50 50 50 50 50 50 50 50 50 50 50 50 50 50 50 50 0 50 50 26 50 24 30 50 50 50 50 50 50 50 50 50 50 50 50 50 50 37 50 46 50 50 50 50 50 50 50 17 50 50 19 50 50 50 50]
  [50 50 50 50 50 50 5 50 50 28 50 50 50 50 50 40 50 50 41 50 50 50 50 50 50 50 50 50 50 50 50 50 50 50 50 50 50 50 50 50 50 50 50 50 50 50 50 33 50 50 50 50 50 50 50 50 50 50 50 50 50 50 50 47 50 50 50 50 50 50 50 50 50 28 14 11 50 50 27 50 50 50 39 50 50 50 50 50 36 50 31 50 50 50 50 50 50 20 50 50 50 50 19 50 50 50 50 29 50 8 50 50 0 26 50 50 46 50 50 50 50 50 50 50 50 50 50 50 50 50 27 44 50 50 50 50 50 50 50 50 50 50 50 50 50 50 50 50 50 50]
  [50 50 50 50 50 50 30 50 50 45 50 50 50 50 50 14 50 50 45 50 50 50 50 50 50 50 50 50 50 50 50 50 50 50 50 50 37 50 50 50 50 50 50 50 50 50 50 45 50 50 50 50 50 50 50 50 50 50 50 50 32 50 50 45 50 50 50 50 50 50 50 50 50 15 29 25 50 50 50 50 50 50 50 50 50 50 50 50 10 50 29 50 50 50 50 50 50 27 50 36 50 50 22 50 50 50 50 50 50 31 50 50 26 0 50 50 50 50 50 50 50 50 50 50 50 50 50 50 50 50 14 50 50 50 50 50 50 50 50 50 50 50 50 50 50 50 50 50 50 50]
  [50 46 50 48 11 44 50 50 50 50 50 50 50 50 36 50 50 34 50 50 50 41 50 50 50 50 50 50 10 50 25 50 9 28 50 50 50 50 39 50 50 50 45 50 50 50 23 50 20 39 50 50 50 16 50 50 47 50 48 50 50 50 50 50 50 48 50 32 50 50 50 50 14 50 50 50 50 50 50 50 50 50 50 50 50 50 50 50 50 50 50 50 50 50 50 50 50 50 50 50 50 50 50 50 50 50 27 50 50 50 50 26 50 50 0 50 48 49 50 50 50 43 50 50 50 49 50 50 50 50 50 50 50 50 50 50 50 50 39 50 50 50 33 50 50 7 50 50 50 50]
  [50 50 50 50 50 50 50 33 50 50 50 17 50 50 50 50 50 44 50 50 50 50 11 50 19 50 50 32 50 50 50 32 50 50 50 50 50 35 47 50 26 13 43 50 50 50 50 50 50 50 50 50 50 50 50 50 50 50 50 50 50 50 50 50 50 50 50 50 50 50 13 50 50 50 50 50 38 17 50 50 50 50 50 9 50 50 22 50 50 26 50 50 50 20 50 50 50 50 50 50 50 50 50 47 22 50 50 50 50 50 50 50 50 50 50 0 50 50 50 50 20 50 50 50 50 50 9 50 50 50 50 50 50 5 50 50 50 50 40 50 27 50 50 50 50 50 50 50 50 30]
  [50 50 50 50 37 50 49 50 50 20 50 50 50 50 35 50 32 50 11 50 50 35 50 50 50 50 37 50 38 50 50 50 39 49 50 50 50 50 50 50 50 50 50 50 50 50 29 13 50 50 50 50 31 50 50 50 44 50 50 50 50 50 50 19 50 50 50 50 50 50 50 50 35 41 50 50 50 50 44 50 50 50 40 50 50 50 50 50 50 50 27 50 50 50 50 50 50 50 50 50 50 50 50 50 50 50 50 50 50 50 50 24 46 50 48 50 0 14 50 50 50 50 50 50 50 50 50 50 50 50 50 50 19 50 39 50 50 50 50 50 50 50 19 50 50 41 50 50 50 50]
  [50 50 50 50 39 50 50 50 50 33 50 50 50 50 26 50 18 50 14 50 50 24 50 50 50 50 50 50 41 50 50 50 40 50 50 50 50 50 50 50 50 50 50 50 50 50 27 25 50 50 50 46 19 50 50 50 50 50 50 50 50 50 44 13 50 50 50 50 50 50 50 50 35 42 50 50 50 50 50 50 49 50 50 50 50 50 50 50 50 50 28 50 50 50 50 50 50 50 50 50 50 50 50 50 50 50 50 50 50 50 50 30 50 50 49 50 14 0 50 50 50 50 50 50 50 50 50 50 50 50 50 50 6 50 26 50 50 50 50 50 50 50 16 50 50 44 50 50 50 50]
  [29 50 50 50 50 50 50 50 50 50 50 50 22 50 50 50 50 50 50 35 32 50 50 50 50 50 50 50 50 50 50 50 50 50 50 50 50 50 50 17 50 50 50 50 50 50 50 50 50 50 50 46 50 50 50 50 50 50 50 50 50 7 50 50 50 50 50 50 19 32 50 18 50 50 50 50 50 50 50 50 50 50 50 50 23 50 50 27 50 50 50 50 40 50 40 50 50 50 50 50 50 50 50 50 50 12 50 50 50 50 50 50 50 50 50 50 50 50 0 50 50 50 50 50 50 50 50 50 21 50 50 50 50 50 50 50 50 50 50 32 50 24 50 50 49 50 50 50 50 50]
  [50 50 36 50 50 50 50 50 50 50 16 50 50 50 50 50 50 50 50 50 50 50 50 50 50 32 50 50 50 50 50 50 50 50 50 21 50 50 50 50 50 50 50 50 38 12 50 50 50 50 7 50 50 50 50 39 50 50 50 50 50 50 50 50 45 50 24 50 50 50 50 50 50 50 50 50 50 50 50 50 50 50 50 50 50 50 50 50 50 50 50 47 50 50 50 50 29 50 43 50 50 48 50 50 50 50 50 50 50 50 45 50 50 50 50 50 50 50 50 0 50 50 50 50 42 50 50 50 50 26 50 50 50 50 50 48 17 12 50 50 50 50 50 50 46 50 50 18 50 50]
  [50 50 50 50 50 50 50 34 50 50 50 32 50 50 50 50 50 50 50 50 50 50 26 50 19 50 50 15 50 50 50 21 50 50 50 50 50 50 50 50 15 26 50 50 50 50 50 50 50 50 50 50 50 50 50 50 50 50 50 50 50 50 50 50 50 50 50 50 50 50 6 50 50 50 50 50 50 32 50 50 50 50 50 22 50 50 24 50 50 45 50 50 50 15 50 50 50 50 50 50 50 50 50 50 4 50 50 50 50 50 50 50 50 50 50 20 50 50 50 50 0 50 50 50 50 50 26 50 50 50 50 50 50 24 50 50 50 50 50 50 24 50 50 50 50 50 50 50 50 49]
  [50 21 50 7 50 49 50 45 50 50 50 50 50 50 50 50 50 41 50 50 50 50 50 50 50 50 50 50 50 50 38 50 50 50 14 50 50 50 50 50 50 50 32 50 47 50 50 50 41 19 50 50 50 37 16 49 50 38 50 50 50 50 50 50 41 20 50 50 50 50 50 50 50 50 50 50 50 50 50 34 50 50 50 50 50 50 50 50 50 50 50 43 50 50 50 50 50 50 50 50 50 36 50 50 50 50 22 50 50 50 41 50 50 50 43 50 50 50 50 50 50 0 26 26 48 12 50 50 50 50 50 50 50 50 50 39 50 50 41 50 50 50 50 50 50 49 50 50 17 50]
  [50 6 42 32 50 32 50 50 50 50 50 50 50 50 50 50 50 50 50 50 50 50 50 50 50 50 50 50 50 50 50 50 50 50 25 50 50 50 50 50 50 50 50 50 21 50 50 50 50 44 50 50 50 50 36 29 50 50 50 50 50 50 50 50 15 6 35 41 50 50 50 50 50 50 50 50 50 50 50 50 50 50 50 50 50 38 50 50 50 50 50 18 50 50 50 50 50 50 50 50 50 13 50 50 50 50 24 50 50 50 18 50 50 50 50 50 50 50 50 50 50 26 0 40 29 15 50 50 50 50 50 50 50 50 50 13 50 50 50 50 50 50 50 50 50 50 50 50 33 50]
  [50 39 50 21 50 50 50 45 50 50 50 50 50 50 50 50 50 50 50 50 50 50 50 50 50 50 50 50 50 50 50 50 50 50 16 50 50 50 50 50 50 50 43 50 50 50 50 50 50 35 50 50 50 50 11 49 50 24 50 50 50 50 50 50 50 36 50 50 50 50 50 50 50 50 50 50 50 50 50 15 50 50 50 50 50 50 50 50 50 50 50 50 50 50 50 50 50 50 50 50 50 44 50 50 50 50 47 50 50 50 45 50 50 50 50 50 50 50 50 50 50 26 40 0 47 27 50 50 50 50 50 50 50 50 50 50 50 50 50 50 50 50 50 50 50 50 50 50 9 50]
  [50 34 13 50 50 50 50 50 50 50 50 50 50 50 50 50 50 50 50 50 50 50 50 50 50 50 50 50 50 50 50 50 50 50 38 45 50 50 50 50 50 50 50 50 22 45 50 50 50 50 39 50 50 50 49 4 50 50 50 50 50 50 50 50 24 33 24 50 50 50 50 50 50 50 50 50 50 50 50 50 50 50 50 50 50 50 50 50 50 50 50 32 50 50 50 50 50 50 50 50 50 17 50 50 50 50 50 50 50 50 13 50 50 50 50 50 50 50 50 42 50 48 29 47 0 36 50 50 50 50 50 50 50 50 50 27 50 49 50 50 50 50 50 50 50 50 50 50 45 50]
  [50 12 50 17 50 44 50 50 50 50 50 50 50 50 50 50 50 50 50 50 50 50 50 50 50 50 50 50 50 50 49 50 50 50 11 50 50 50 50 50 50 50 44 50 36 50 50 50 50 31 50 50 50 46 21 37 50 45 50 50 50 50 50 50 29 10 49 49 50 50 50 50 50 50 50 50 50 50 50 39 50 50 50 50 50 50 50 50 50 50 50 33 50 50 50 50 50 50 50 50 50 24 50 50 50 50 24 50 50 50 28 50 50 50 49 50 50 50 50 50 50 12 15 27 36 0 50 50 50 50 50 50 50 50 50 28 50 50 50 50 50 50 50 50 50 50 50 50 19 50]
  [50 50 50 50 50 50 50 29 50 50 50 9 50 50 50 50 50 35 50 50 50 50 4 50 18 50 50 36 50 50 44 34 50 46 50 50 50 33 39 50 28 6 35 50 50 50 50 50 48 48 50 50 50 50 50 50 50 50 50 50 50 50 50 50 50 50 50 50 50 50 20 50 50 50 50 50 35 8 50 50 50 50 50 5 50 50 19 50 50 20 50 50 50 21 50 50 50 50 50 50 50 50 50 44 29 50 50 50 50 50 50 50 50 50 50 9 50 50 50 50 26 50 50 50 50 50 0 50 50 50 50 50 50 10 50 50 50 50 31 50 25 50 50 50 50 50 50 50 50 23]
  [50 50 50 50 50 50 50 50 50 50 50 50 50 14 50 50 38 50 50 50 50 50 50 50 50 50 50 50 50 48 50 50 50 50 50 50 28 50 50 50 50 50 50 50 50 50 50 50 50 50 50 48 33 50 50 50 50 50 50 23 27 50 33 43 50 50 50 50 50 50 50 50 50 45 50 50 50 50 50 50 10 50 50 50 50 50 50 50 47 50 46 50 50 50 50 50 50 50 50 28 32 50 50 50 50 50 50 50 33 50 50 50 50 50 50 50 50 50 50 50 50 50 50 50 50 50 50 0 50 50 50 50 46 50 48 50 50 50 50 50 50 50 50 13 50 50 16 50 50 50]
  [8 50 50 50 50 50 50 50 50 50 50 50 37 50 50 50 50 50 50 17 50 50 50 50 50 50 50 50 50 50 50 50 50 50 50 50 50 50 50 16 50 50 50 50 50 50 50 50 50 50 50 25 50 50 50 50 50 50 38 50 50 19 35 50 50 50 50 50 17 13 50 11 50 50 50 50 50 50 50 50 50 50 50 50 44 50 50 46 50 50 50 50 18 50 18 50 50 50 50 50 40 50 50 50 50 28 50 50 42 50 50 50 50 50 50 50 50 50 21 50 50 50 50 50 50 50 50 50 0 50 50 50 50 50 45 50 50 50 50 40 50 17 50 50 50 50 50 50 50 50]
  [50 50 50 50 50 50 50 50 50 50 12 50 50 50 50 50 50 50 50 50 50 50 50 50 50 43 50 50 50 50 50 50 50 50 50 46 50 50 50 50 50 50 50 50 50 18 50 50 50 50 25 50 50 50 50 50 50 50 50 50 50 50 50 50 50 50 49 50 50 50 50 50 50 50 50 50 50 50 50 50 50 50 50 50 50 50 50 50 50 50 50 50 50 50 50 50 49 50 50 50 50 50 50 50 50 50 50 50 50 50 50 50 50 50 50 50 50 50 50 26 50 50 50 50 50 50 50 50 50 0 50 50 50 50 50 50 20 33 50 50 50 50 50 50 50 50 50 8 50 50]
  [50 50 50 50 50 50 29 50 50 50 50 50 50 50 50 21 50 50 50 50 50 50 50 50 50 50 50 50 50 50 50 50 50 50 50 50 47 50 50 50 50 50 50 50 50 50 50 50 50 50 50 50 50 50 50 50 50 50 50 50 44 50 50 50 50 50 50 50 50 50 50 50 50 29 22 20 50 50 50 50 50 50 50 50 50 50 50 50 21 50 41 50 50 50 50 50 50 17 50 46 50 50 13 50 50 50 50 50 50 28 50 50 27 14 50 50 50 50 50 50 50 50 50 50 50 50 50 50 50 50 0 50 50 50 50 50 50 50 50 50 50 50 50 50 50 50 50 50 50 50]
  [50 50 50 50 50 50 41 50 50 36 50 50 50 50 50 50 50 50 50 50 50 50 50 50 50 50 24 50 50 50 50 50 50 50 50 50 50 42 45 50 50 50 50 50 50 50 50 43 50 50 50 50 50 50 50 50 29 50 50 50 50 50 50 50 50 50 50 50 50 50 50 50 50 50 50 50 38 50 18 50 50 50 12 50 50 50 50 50 50 50 50 50 50 50 50 12 50 50 50 50 50 50 50 31 50 50 50 25 50 43 50 50 44 50 50 50 50 50 50 50 50 50 50 50 50 50 50 50 50 50 50 0 50 50 50 50 50 50 50 50 50 50 50 50 50 50 50 50 50 49]
  [50 50 50 50 44 50 50 50 50 36 50 50 50 50 28 50 13 50 15 50 50 24 50 50 50 50 50 50 47 50 50 50 45 50 50 50 50 50 50 50 50 50 50 50 50 50 31 29 50 50 50 43 13 50 50 50 50 50 50 50 50 50 38 10 50 50 50 50 50 50 50 50 41 40 50 50 50 50 50 50 43 50 50 50 50 50 50 50 50 50 27 50 49 50 49 50 50 50 50 50 50 50 50 50 50 50 50 50 50 50 50 37 50 50 50 50 19 6 50 50 50 50 50 50 50 50 50 46 50 50 50 50 0 50 23 50 50 50 50 50 50 50 22 50 50 50 50 50 50 50]
  [50 50 50 50 50 50 50 37 50 50 50 18 50 50 50 50 50 44 50 50 50 50 13 50 24 50 50 37 50 50 50 37 50 50 50 50 50 30 45 50 31 15 45 50 50 50 50 50 50 50 50 50 50 50 50 50 50 50 50 50 50 50 50 50 50 50 50 50 50 50 18 50 50 50 50 50 33 18 50 50 50 50 50 12 50 50 26 50 50 23 50 50 50 25 50 50 50 50 50 50 50 50 50 42 26 50 50 50 50 50 50 50 50 50 50 5 50 50 50 50 24 50 50 50 50 50 10 50 50 50 50 50 50 0 50 50 50 50 40 50 31 50 50 50 50 50 50 50 50 27]
  [39 50 50 50 46 50 50 50 50 50 50 50 50 50 18 50 15 50 38 42 50 13 50 50 50 50 50 50 50 50 50 50 47 50 50 50 50 50 50 50 50 50 50 50 50 50 32 50 50 50 50 22 25 50 50 50 50 50 31 50 50 50 24 32 50 50 50 47 50 42 50 50 41 50 50 50 50 50 50 50 41 50 50 50 50 50 50 50 50 50 49 50 28 50 28 50 50 50 50 50 46 50 50 50 50 50 50 50 50 50 50 46 50 50 50 50 39 26 50 50 50 50 50 50 50 50 50 48 45 50 50 50 23 50 0 50 50 50 50 50 50 50 30 50 50 50 50 50 50 50]
  [50 17 38 45 50 27 50 50 50 50 50 50 50 50 50 50 50 50 50 50 50 50 50 50 50 50 50 50 50 50 50 50 50 50 37 38 50 50 50 50 50 50 50 50 10 50 50 50 50 50 49 50 50 50 48 25 50 50 50 50 50 50 50 50 4 18 25 39 50 50 50 50 50 50 50 50 50 50 50 50 50 50 50 50 50 28 50 50 50 50 50 7 50 50 50 50 49 50 50 50 50 12 50 50 50 50 32 50 50 50 15 50 50 50 50 50 50 50 50 48 50 39 13 50 27 28 50 50 50 50 50 50 50 50 50 0 50 48 50 50 50 50 50 50 43 50 50 50 45 50]
  [50 50 50 50 50 50 50 50 50 50 10 50 50 50 50 50 50 50 50 50 50 50 50 50 50 23 50 50 50 50 50 50 50 50 50 30 50 50 50 50 50 50 50 50 50 20 50 50 50 50 22 50 50 50 50 50 50 50 50 50 50 50 50 50 50 50 40 50 50 50 50 50 50 50 50 50 50 50 50 50 50 50 50 50 50 50 50 50 50 50 50 50 50 50 50 50 30 50 38 50 50 50 50 50 50 50 50 50 50 50 50 50 50 50 50 50 50 50 50 17 50 50 50 50 50 50 50 50 50 20 50 50 50 50 50 50 0 17 50 50 50 50 50 50 50 50 50 14 50 50]
  [50 50 45 50 50 50 50 50 50 50 22 50 50 50 50 50 50 50 50 50 50 50 50 50 50 22 50 50 50 50 50 50 50 50 50 13 50 50 50 50 50 50 50 50 39 23 50 50 50 50 18 50 50 50 50 45 50 50 50 50 50 50 50 50 46 50 26 50 50 50 50 50 50 50 50 50 50 50 50 50 50 50 50 50 50 47 50 50 50 50 50 45 50 50 50 50 18 50 31 50 50 50 50 50 50 50 50 50 50 50 48 50 50 50 50 50 50 50 50 12 50 50 50 50 49 50 50 50 50 33 50 50 50 50 50 48 17 0 50 50 50 50 50 50 36 50 50 25 50 50]
  [50 50 50 39 45 50 50 28 50 50 50 22 50 50 50 50 50 5 50 50 50 50 28 50 35 50 50 50 42 50 14 48 45 24 50 50 50 48 26 50 45 28 14 50 50 50 50 50 20 22 50 50 50 23 47 50 42 47 50 50 50 50 50 50 50 50 50 50 50 50 47 50 50 50 50 50 46 23 50 50 50 50 50 32 50 50 30 50 50 28 50 50 50 39 50 50 50 50 50 50 50 50 50 50 50 50 46 50 50 50 50 50 50 50 39 40 50 50 50 50 50 41 50 50 50 50 31 50 50 50 50 50 50 40 50 50 50 50 0 50 36 50 50 50 50 39 50 50 50 28]
  [42 50 50 50 50 50 50 50 42 50 50 50 50 50 50 50 50 50 50 40 50 50 50 41 50 50 50 50 50 50 50 50 50 50 50 50 50 50 50 24 50 50 50 43 50 50 50 50 50 50 50 50 50 50 50 50 50 50 50 50 50 38 50 50 50 50 50 50 48 39 50 28 50 50 50 50 50 50 50 50 50 39 50 50 35 50 50 50 50 50 50 50 50 50 50 50 50 50 50 50 50 50 50 50 50 43 50 50 50 50 50 50 50 50 50 50 50 50 32 50 50 50 50 50 50 50 50 50 40 50 50 50 50 50 50 50 50 50 50 0 50 25 50 50 50 50 50 50 50 50]
  [50 50 50 49 50 50 50 11 50 50 50 24 50 50 50 50 50 41 50 50 50 50 21 50 8 50 50 21 50 50 50 12 50 50 50 50 50 50 50 50 11 20 30 50 50 50 50 50 50 40 50 50 50 50 49 50 50 31 50 50 50 50 50 50 50 50 50 50 50 50 22 50 50 50 50 50 50 24 50 40 50 50 50 20 50 50 7 50 50 42 50 50 50 8 50 50 50 50 50 50 50 50 50 50 28 50 50 50 50 50 50 50 50 50 50 27 50 50 50 50 24 50 50 50 50 50 25 50 50 50 50 50 50 31 50 50 50 50 36 50 0 50 50 50 50 50 50 50 50 45]
  [18 50 50 50 50 50 50 50 46 50 50 50 45 50 50 50 50 50 50 15 50 50 50 39 50 50 50 50 50 49 50 50 50 50 50 50 50 50 50 7 50 50 50 50 50 50 50 50 50 50 50 35 50 50 50 50 50 50 50 50 50 26 40 50 50 50 50 50 31 14 50 7 50 50 50 50 50 50 50 50 50 40 50 50 42 50 50 50 50 50 50 50 28 50 28 50 50 50 50 50 34 50 50 50 50 35 50 50 35 50 50 50 50 50 50 50 50 50 24 50 50 50 50 50 50 50 50 50 17 50 50 50 50 50 50 50 50 50 50 25 50 0 50 50 50 50 50 50 50 50]
  [50 50 50 50 22 50 50 50 50 38 50 50 50 50 18 50 30 50 27 50 50 21 50 50 50 50 44 50 25 50 50 50 24 43 50 50 50 50 50 50 50 50 50 50 50 50 11 31 46 50 50 50 35 46 50 50 48 50 45 50 50 50 50 29 50 50 50 45 50 50 50 50 19 50 50 50 50 50 50 50 50 50 50 50 50 50 50 50 50 50 43 50 50 50 50 50 50 50 50 50 50 50 50 50 50 50 50 50 50 50 50 17 50 50 33 50 19 16 50 50 50 50 50 50 50 50 50 50 50 50 50 50 22 50 30 50 50 50 50 50 50 50 0 50 50 28 50 50 50 50]
  [50 50 50 50 50 50 50 50 50 50 50 50 50 10 50 50 49 50 50 50 50 50 50 44 50 50 50 50 50 37 50 50 50 50 50 50 32 50 50 50 50 50 50 50 50 50 50 50 50 50 50 50 45 50 50 50 50 50 50 13 33 50 39 50 50 50 50 50 50 50 50 50 50 50 50 50 50 50 50 50 17 49 50 50 50 50 50 50 50 50 50 50 50 50 50 50 50 50 50 33 29 50 50 50 50 50 50 50 29 50 50 50 50 50 50 50 50 50 50 50 50 50 50 50 50 50 50 13 50 50 50 50 50 50 50 50 50 50 50 50 50 50 50 0 50 50 7 50 50 50]
  [50 50 50 50 50 34 50 50 50 50 50 50 31 50 50 50 50 50 50 50 45 50 50 50 50 35 50 50 50 50 50 50 50 50 50 24 50 50 50 50 50 50 50 50 41 50 50 50 50 50 50 50 50 50 50 50 50 50 44 50 50 44 50 50 44 50 40 45 38 50 50 50 50 50 50 50 50 50 50 50 50 50 50 50 50 21 50 38 50 50 50 37 50 50 50 50 20 50 24 50 50 50 50 50 50 38 50 50 50 50 50 50 50 50 50 50 50 50 49 46 50 50 50 50 50 50 50 50 50 50 50 50 50 50 50 43 50 36 50 50 50 50 50 50 0 50 50 50 50 50]
  [50 50 50 50 6 50 50 50 50 50 50 50 50 50 34 50 50 34 50 50 50 40 50 50 50 50 43 50 3 50 25 50 5 24 50 50 50 50 35 50 50 50 47 50 50 50 20 50 20 43 50 50 50 18 50 50 41 50 50 50 50 50 50 50 50 50 50 37 50 50 50 50 11 50 50 50 50 50 50 50 50 50 50 50 50 50 50 50 50 50 50 50 50 50 50 50 50 50 50 50 50 50 50 50 50 50 34 50 50 50 50 19 50 50 7 50 41 44 50 50 50 49 50 50 50 50 50 50 50 50 50 50 50 50 50 50 50 50 39 50 50 50 28 50 50 0 50 50 50 50]
  [50 50 50 50 50 50 50 50 50 50 50 50 50 4 50 50 50 50 50 50 50 50 50 50 50 50 50 50 50 41 50 50 50 50 50 50 26 50 50 50 50 50 50 50 50 50 50 50 50 50 50 50 48 50 50 50 50 50 50 7 29 50 45 50 50 50 50 50 50 50 50 50 50 50 50 50 50 50 50 50 22 50 50 50 50 50 50 50 50 50 50 50 50 50 50 50 50 50 50 27 36 50 50 50 50 50 50 50 36 50 50 50 50 50 50 50 50 50 50 50 50 50 50 50 50 50 50 16 50 50 50 50 50 50 50 50 50 50 50 50 50 50 50 7 50 50 0 50 50 50]
  [50 50 46 50 50 50 50 50 50 50 4 50 50 50 50 50 50 50 50 50 50 50 50 50 50 37 50 50 50 50 50 50 50 50 50 38 50 50 50 50 50 50 50 50 50 11 50 50 50 50 18 50 50 50 50 50 50 50 50 50 50 50 50 50 50 50 41 50 50 50 50 50 50 50 50 50 50 50 50 50 50 50 50 50 50 50 50 50 50 50 50 50 50 50 50 50 42 50 50 50 50 50 50 50 50 50 50 50 50 50 50 50 50 50 50 50 50 50 50 18 50 50 50 50 50 50 50 50 50 8 50 50 50 50 50 50 14 25 50 50 50 50 50 50 50 50 50 0 50 50]
  [50 31 50 13 50 50 50 44 50 50 50 50 50 50 50 50 50 50 50 50 50 50 50 50 50 50 50 50 50 50 50 50 50 50 8 50 50 50 50 50 50 50 38 50 50 50 50 50 50 29 50 50 50 50 4 47 50 28 50 50 50 50 50 50 46 28 50 50 50 50 50 50 50 50 50 50 50 50 50 21 50 50 50 50 50 50 50 50 50 50 50 50 50 50 50 50 50 50 50 50 50 38 50 50 50 50 38 50 50 50 41 50 50 50 50 50 50 50 50 50 50 17 33 9 45 19 50 50 50 50 50 50 50 50 50 45 50 50 50 50 50 50 50 50 50 50 50 50 0 50]
  [50 50 50 50 50 50 50 45 50 50 50 22 50 50 50 50 50 29 50 50 50 50 26 50 40 50 38 50 50 50 35 50 50 29 50 50 50 20 19 50 50 26 40 50 50 50 50 50 37 50 50 50 50 43 50 50 28 50 50 50 50 50 50 50 50 50 50 50 50 50 43 50 50 50 50 50 18 21 50 50 50 50 50 28 50 50 39 50 50 4 50 50 50 44 50 41 50 50 50 50 50 50 50 27 50 50 50 50 50 50 50 50 50 50 50 30 50 50 50 50 49 50 50 50 50 50 23 50 50 50 50 49 50 27 50 50 50 50 28 50 45 50 50 50 50 50 50 50 50 0]
];