K=8;
N=150;
P=[1490 563 195 193 166 157 518 516];
R=[45 41 27 28 22 17 29 28];
A=[6 3 3 3 3 3 4 4];
C=[37 54 48 55 54 34 33 41];
M=[
  [0 50 50 50 26 29 50 50 50 50 50 50 50 50 50 49 50 50 50 50 50 39 50 50 50 50 50 50 50 50 50 50 50 50 50 50 39 50 50 50 50 50 50 4 50 50 50 50 50 50 50 50 50 37 50 50 50 29 50 50 50 50 50 50 50 28 50 50 50 50 50 43 50 23 50 50 50 50 50 50 43 12 50 50 50 50 50 50 50 50 50 46 50 37 50 50 3 50 50 29 50 49 50 50 50 36 50 50 50 50 50 50 50 50 50 50 50 42 50 50 50 38 50 50 50 50 50 50 50 50 50 50 50 50 50 50 50 50 50 50 50 50 50 50 50 50 50 46 48 50]
  [50 0 50 50 50 49 50 50 50 50 50 50 50 50 50 6 50 50 42 50 29 50 50 50 42 7 50 50 50 50 50 50 50 50 50 50 50 50 32 50 50 50 50 50 50 50 50 47 50 29 50 50 50 34 50 8 25 46 50 50 50 36 50 50 50 46 38 50 50 16 50 21 50 49 50 50 50 50 50 50 50 50 50 50 36 50 50 50 50 50 50 50 50 19 50 50 50 50 20 50 50 50 50 50 50 50 50 50 50 50 50 50 50 50 50 50 50 50 41 50 50 35 50 50 50 23 50 50 50 50 50 50 23 50 50 45 50 50 50 50 50 50 27 50 50 50 50 50 50 50]
  [50 50 0 50 50 50 50 50 50 50 50 50 50 50 28 50 50 50 50 50 50 50 50 50 50 50 50 50 44 50 50 50 30 50 35 50 50 50 50 50 50 50 36 50 35 50 50 50 50 50 48 50 50 50 29 50 50 50 50 50 50 50 50 12 32 50 50 50 50 50 50 50 50 50 50 50 50 50 50 50 50 50 9 15 50 50 50 50 50 16 50 50 46 50 50 50 50 50 50 50 50 50 50 50 50 50 50 50 50 50 50 50 39 50 48 50 50 50 50 50 28 50 50 27 50 50 50 12 50 50 50 50 50 50 50 50 49 50 50 20 40 50 50 50 20 50 50 50 50 50]
  [50 50 50 0 50 50 50 50 50 50 50 50 50 50 50 50 16 26 50 50 50 50 50 50 50 50 50 50 26 50 50 50 50 50 50 50 50 50 50 50 50 50 50 50 34 50 50 45 50 37 23 12 50 41 50 50 50 50 50 50 50 50 23 50 50 46 50 50 50 50 50 50 50 50 50 50 50 50 50 43 50 50 50 50 50 50 50 50 50 50 50 32 40 50 50 50 50 50 50 50 50 50 50 50 50 50 50 50 50 50 50 50 50 50 50 45 50 50 50 50 50 40 50 50 50 50 50 50 50 29 50 50 42 50 50 50 29 50 50 50 32 50 50 50 50 50 50 50 50 50]
  [26 50 50 50 0 33 50 46 50 37 50 50 50 50 50 50 50 50 50 50 50 21 50 33 50 50 50 50 50 50 50 50 50 47 50 42 35 50 50 50 50 48 50 21 50 50 50 50 44 50 50 50 50 50 50 50 50 36 50 50 50 50 50 50 50 50 50 50 50 50 50 50 50 47 50 50 50 50 45 50 25 25 50 50 50 50 50 50 50 50 50 50 50 50 50 34 28 50 50 5 50 44 50 50 50 30 50 50 50 50 50 50 50 50 50 50 50 50 50 50 50 50 50 50 46 50 50 50 50 50 50 50 50 50 50 50 50 50 50 50 50 50 50 50 50 47 50 39 43 50]
  [29 49 50 50 33 0 50 50 50 50 50 50 50 50 50 43 50 50 50 50 50 50 50 50 50 45 50 50 50 50 50 50 50 50 50 50 50 49 50 50 50 50 50 28 50 37 50 50 50 50 50 50 50 50 50 50 50 3 50 50 50 50 50 50 50 50 50 50 50 50 50 30 50 48 50 50 50 50 50 50 50 40 50 50 50 50 50 50 50 50 45 50 50 44 47 50 28 50 50 33 50 22 50 50 50 50 50 50 50 50 50 50 50 50 50 50 50 50 25 50 50 50 50 50 50 50 50 50 50 50 50 50 50 50 50 40 50 50 50 50 50 50 50 50 50 50 50 20 20 50]
  [50 50 50 50 50 50 0 50 50 50 50 50 50 50 50 50 50 50 50 50 36 50 50 50 50 50 50 50 50 50 50 50 50 50 50 50 50 50 33 50 50 50 50 50 50 28 34 50 50 50 50 50 50 50 50 50 50 50 50 50 50 49 50 50 50 50 50 50 50 50 50 49 11 50 50 50 50 50 50 50 50 50 50 50 42 50 50 50 4 50 50 50 50 50 48 50 50 50 50 50 50 50 50 50 50 50 50 50 30 50 50 50 50 50 50 50 50 50 34 50 50 50 50 50 50 50 50 50 50 50 50 50 50 50 50 20 50 50 39 50 50 50 50 50 50 50 50 50 50 50]
  [50 50 50 50 46 50 50 0 32 13 50 39 50 50 50 50 50 50 50 50 50 28 45 14 50 50 43 40 50 50 50 50 50 26 50 22 40 50 50 19 50 18 50 50 50 50 50 50 11 50 50 50 28 50 50 50 50 50 50 43 50 50 50 50 50 50 50 35 50 50 50 50 50 50 15 50 50 50 9 50 24 50 50 50 50 50 50 50 50 50 50 50 50 50 50 28 50 50 50 47 50 50 50 33 42 37 50 50 50 50 50 50 50 44 50 50 50 50 50 25 50 50 50 50 50 50 50 50 50 50 50 17 50 50 21 50 50 43 50 50 50 50 50 50 50 36 50 50 50 50]
  [50 50 50 50 50 50 50 32 0 25 50 50 50 23 50 50 50 50 50 34 50 35 50 37 50 50 36 50 50 43 50 44 50 8 50 14 25 50 50 31 50 50 50 50 50 50 50 50 22 50 50 50 9 50 50 50 50 50 50 14 34 50 50 50 50 50 50 7 39 50 50 50 50 50 18 50 50 50 23 50 32 50 50 50 50 50 50 50 50 50 50 50 50 50 50 50 50 34 50 50 50 50 50 50 35 28 50 50 50 50 50 37 50 47 44 50 50 46 50 11 50 50 50 50 50 50 50 50 50 50 50 49 50 50 50 50 50 50 50 50 50 50 50 25 50 50 50 50 50 50]
  [50 50 50 50 37 50 50 13 25 0 50 49 50 41 50 50 50 50 50 50 50 17 50 12 50 50 48 50 50 50 50 50 50 18 50 12 28 50 50 28 50 27 50 50 50 50 50 50 6 50 50 50 25 50 50 50 50 50 50 38 50 50 50 50 50 50 50 30 50 50 50 50 50 50 16 50 50 50 7 50 13 46 50 50 50 50 50 50 50 50 50 50 50 50 50 30 50 50 50 39 50 50 50 44 46 25 50 50 50 50 50 50 50 50 50 50 50 50 50 24 50 50 50 50 50 50 50 50 50 50 50 27 50 50 31 50 50 50 50 50 50 50 50 49 50 41 50 50 50 50]
  [50 50 50 50 50 50 50 50 50 50 0 50 50 49 50 50 50 50 50 46 50 50 50 50 50 50 50 50 50 18 50 9 35 50 50 50 50 50 50 50 50 50 48 50 50 50 50 50 50 50 50 50 50 50 50 50 50 50 6 37 33 50 50 50 33 50 50 45 35 50 50 50 50 50 50 50 50 50 50 50 50 50 50 50 50 50 50 50 50 50 50 50 50 50 50 50 50 22 50 50 50 50 50 50 50 50 50 50 50 50 17 39 27 50 50 50 50 50 50 50 45 50 50 38 50 50 50 50 50 50 50 50 50 50 50 50 50 50 50 47 50 50 50 26 50 50 50 50 50 50]
  [50 50 50 50 50 50 50 39 50 49 50 0 50 50 50 50 50 50 50 50 50 50 47 50 50 50 25 48 50 50 50 50 50 50 50 50 50 50 50 21 50 45 50 50 50 50 50 50 43 50 50 50 41 50 50 50 50 50 50 50 41 50 50 50 50 50 50 47 40 50 50 50 50 50 36 50 50 50 42 50 50 50 50 50 50 50 50 50 50 50 50 50 50 50 50 50 50 50 50 50 50 50 50 40 24 50 50 50 50 47 50 36 50 12 50 50 50 50 50 38 50 50 25 50 50 50 50 50 50 50 50 42 50 50 41 50 50 30 50 50 50 25 50 50 50 50 50 50 50 50]
  [50 50 50 50 50 50 50 50 50 50 50 50 0 50 50 50 50 50 45 50 50 50 50 50 46 50 50 50 50 50 40 50 50 50 50 50 50 50 50 50 50 50 50 50 50 50 50 50 50 50 50 50 50 50 50 50 50 50 50 50 50 50 50 50 50 50 50 50 50 50 50 50 50 50 50 34 50 11 50 48 50 50 50 50 50 50 44 50 50 50 50 50 50 50 50 50 50 50 50 50 50 50 50 50 50 50 50 50 50 50 50 50 50 50 50 48 50 50 50 50 50 50 50 50 50 50 9 50 38 50 32 50 50 50 50 50 50 50 50 50 50 50 50 50 50 50 50 50 50 50]
  [50 50 50 50 50 50 50 50 23 41 49 50 50 0 50 50 50 50 50 12 50 41 50 50 50 50 50 50 50 35 50 47 48 25 50 29 20 50 50 50 50 50 50 50 50 50 50 50 40 50 50 50 32 50 50 50 50 50 50 24 48 50 50 50 45 50 50 26 50 50 50 50 50 50 40 50 50 50 42 50 41 42 50 50 50 50 50 50 50 50 50 50 44 50 50 50 50 27 50 50 50 50 50 50 50 26 50 50 50 50 50 50 50 50 21 50 50 25 50 34 38 50 50 50 50 50 50 50 50 50 50 50 50 50 50 50 50 50 50 48 50 50 50 31 50 50 50 50 50 50]
  [50 50 28 50 50 50 50 50 50 50 50 50 50 50 0 50 50 50 50 50 50 50 50 50 50 50 50 50 50 50 50 50 46 50 21 50 50 50 50 50 50 50 31 50 50 50 50 50 50 50 50 50 50 50 18 50 50 50 50 50 50 50 50 31 49 50 50 50 50 50 50 50 50 50 50 50 50 50 50 50 50 50 37 21 50 50 50 50 50 35 50 50 50 50 50 50 50 50 50 50 50 50 50 50 50 50 50 50 50 50 50 50 48 50 50 50 50 50 50 50 50 50 50 43 50 50 50 20 50 50 50 50 50 50 50 50 50 50 50 43 50 50 50 50 24 50 50 50 50 50]
  [49 6 50 50 50 43 50 50 50 50 50 50 50 50 50 0 50 50 48 50 27 50 50 50 48 4 50 50 50 50 50 50 50 50 50 50 50 50 30 50 50 50 50 50 50 50 50 50 50 34 50 50 50 35 50 12 28 40 50 50 50 38 50 50 50 45 44 50 50 19 50 14 50 47 50 50 50 50 50 50 50 50 50 50 36 50 50 50 50 50 50 50 50 19 50 50 46 50 26 50 50 50 50 50 50 50 50 50 50 50 50 50 50 50 50 50 50 50 35 50 50 36 50 50 50 26 50 50 50 50 50 50 27 50 50 40 50 50 50 50 50 50 33 50 50 50 50 50 50 50]
  [50 50 50 16 50 50 50 50 50 50 50 50 50 50 50 50 0 24 45 50 50 50 50 50 43 50 50 50 41 50 50 50 50 50 50 50 50 50 50 50 50 50 50 50 50 50 50 29 50 26 38 11 50 39 50 47 50 50 50 50 50 50 32 50 50 49 39 50 50 50 50 50 50 50 50 50 50 50 50 28 50 50 50 50 50 50 50 50 50 50 50 40 50 48 50 50 50 50 49 50 50 50 50 50 50 50 50 50 50 50 50 50 50 50 50 30 50 50 50 50 50 38 50 50 50 50 50 50 42 15 47 50 34 50 50 50 43 50 50 50 47 50 40 50 50 50 50 50 50 50]
  [50 50 50 26 50 50 50 50 50 50 50 50 50 50 50 50 24 0 50 50 50 50 50 50 50 50 50 50 49 50 50 50 50 50 50 50 50 50 50 50 50 50 50 50 48 50 50 40 50 48 34 15 50 50 50 50 50 50 50 50 50 50 19 50 50 50 50 50 50 50 50 50 50 50 50 50 50 50 50 32 50 50 50 50 50 50 50 50 50 50 50 50 50 50 50 50 50 50 50 50 50 50 50 50 50 50 50 50 50 50 50 50 50 50 50 38 50 50 50 50 50 50 50 50 50 50 50 50 49 20 42 50 50 50 50 50 35 50 50 50 43 50 50 50 50 50 50 50 50 50]
  [50 42 50 50 50 50 50 50 50 50 50 50 45 50 50 48 45 50 0 50 50 50 50 50 3 48 50 50 50 50 19 50 50 50 50 50 50 50 50 50 50 50 50 50 50 50 50 18 50 35 50 50 50 50 50 40 31 50 50 50 50 45 50 50 50 50 7 50 50 35 50 50 50 50 50 26 50 39 50 26 50 50 50 50 50 50 24 50 50 50 50 50 50 50 50 50 50 50 23 50 50 50 50 50 50 50 50 50 50 50 50 50 50 50 50 20 50 50 50 50 50 50 50 50 50 35 36 50 12 37 36 50 42 50 50 50 50 50 50 50 50 50 16 50 50 50 50 50 50 50]
  [50 50 50 50 50 50 50 50 34 50 46 50 50 12 50 50 50 50 50 0 50 50 50 50 50 50 50 50 50 30 50 47 38 37 50 41 30 50 50 50 50 50 50 50 50 50 50 50 50 50 50 50 42 50 50 50 50 50 46 31 50 50 50 49 36 50 50 35 50 50 50 50 50 50 50 50 50 50 50 50 50 47 49 50 50 50 50 50 50 50 50 49 36 50 50 50 50 25 50 50 50 50 50 50 50 36 50 50 50 50 47 50 47 50 11 50 50 21 50 45 27 50 50 40 50 50 50 50 50 50 50 50 50 50 50 50 50 50 50 36 50 50 50 35 50 50 50 50 50 50]
  [50 29 50 50 50 50 36 50 50 50 50 50 50 50 50 27 50 50 50 50 0 50 50 50 50 23 50 50 50 50 50 50 50 50 50 50 50 50 3 50 50 50 50 50 50 46 50 50 50 50 50 50 50 50 50 36 26 50 50 50 50 21 50 50 50 50 50 50 50 22 50 26 44 50 50 50 50 50 50 50 50 50 50 50 15 50 50 50 31 50 50 50 50 45 50 50 50 50 36 50 50 50 50 50 50 50 50 50 50 50 50 50 50 50 50 50 50 50 31 50 50 50 50 50 50 22 50 50 50 50 50 50 50 50 50 25 50 50 50 50 50 50 47 50 50 50 50 50 50 50]
  [39 50 50 50 21 50 50 28 35 17 50 50 50 41 50 50 50 50 50 50 50 0 50 17 50 50 50 50 50 50 50 50 50 27 50 22 22 50 50 45 50 36 50 35 50 50 50 50 23 50 50 50 39 50 50 50 50 50 50 48 50 50 50 50 50 50 50 41 50 50 50 50 50 50 33 50 50 50 24 50 4 31 50 50 50 50 50 50 50 50 50 50 50 50 50 28 42 50 50 23 50 50 50 50 50 16 50 50 50 50 50 50 50 50 50 50 50 50 50 38 50 50 50 50 49 50 50 50 50 50 50 38 50 50 41 50 50 50 50 50 50 50 50 50 50 43 50 50 50 50]
  [50 50 50 50 50 50 50 45 50 50 50 47 50 50 50 50 50 50 50 50 50 50 0 49 50 50 50 6 50 50 50 50 50 50 50 50 50 50 50 48 42 30 50 50 50 50 50 50 50 50 50 50 50 50 50 50 50 50 50 50 50 50 50 50 50 50 50 50 50 50 50 50 50 50 50 50 50 50 50 50 50 50 50 50 50 50 50 50 50 50 50 50 50 50 50 43 50 50 50 50 50 50 50 12 50 50 50 27 50 10 50 50 50 50 50 50 50 50 50 50 50 50 35 50 47 50 50 50 50 50 50 29 50 50 25 50 50 19 50 50 50 42 50 50 50 33 49 50 50 50]
  [50 50 50 50 33 50 50 14 37 12 50 50 50 50 50 50 50 50 50 50 50 17 49 0 50 50 50 44 50 50 50 50 50 30 50 24 36 50 50 34 46 19 50 50 50 50 50 50 17 50 50 50 37 50 50 50 50 50 50 50 50 50 50 50 50 50 50 42 50 50 50 50 50 50 26 50 50 50 17 50 14 48 50 50 50 50 50 50 50 50 50 50 50 50 50 17 50 50 50 33 50 50 50 38 50 31 50 50 50 50 50 50 50 50 50 50 50 50 50 35 50 50 50 50 40 50 50 50 50 50 50 20 50 50 24 50 50 50 50 50 50 50 50 50 50 29 50 50 50 50]
  [50 42 50 50 50 50 50 50 50 50 50 50 46 50 50 48 43 50 3 50 50 50 50 50 0 48 50 50 50 50 22 50 50 50 50 50 50 50 50 50 50 50 50 50 50 50 50 15 50 33 50 50 50 50 50 39 32 50 50 50 50 47 50 50 50 50 5 50 50 36 50 50 50 50 50 28 50 40 50 24 50 50 50 50 50 50 27 50 50 50 50 50 50 50 50 50 50 50 23 50 50 50 50 50 50 50 50 50 50 50 50 50 50 50 50 17 50 50 50 50 50 50 50 50 50 36 37 50 11 35 35 50 40 50 50 50 50 50 50 50 50 50 15 50 50 50 50 50 50 50]
  [50 7 50 50 50 45 50 50 50 50 50 50 50 50 50 4 50 50 48 50 23 50 50 50 48 0 50 50 50 50 50 50 50 50 50 50 50 50 26 50 50 50 50 50 50 50 50 50 50 36 50 50 50 38 50 14 26 41 50 50 50 35 50 50 50 49 44 50 50 17 50 15 50 50 50 50 50 50 50 50 50 50 50 50 33 50 50 50 50 50 50 50 50 22 50 50 49 50 25 50 50 50 50 50 50 50 50 50 50 50 50 50 50 50 50 50 50 50 34 50 50 39 50 50 50 23 50 50 50 50 50 50 30 50 50 38 50 50 50 50 50 50 33 50 50 50 50 50 50 50]
  [50 50 50 50 50 50 50 43 36 48 50 25 50 50 50 50 50 50 50 50 50 50 50 50 50 50 0 50 50 50 50 41 50 40 50 43 50 50 50 25 50 50 50 50 50 50 50 50 41 50 50 50 27 50 50 50 50 50 50 32 17 50 50 50 50 50 50 30 16 50 50 50 50 50 31 50 50 50 41 50 50 50 50 50 50 50 50 50 50 50 50 50 50 50 50 50 50 49 50 50 50 50 50 50 1 50 50 50 50 50 50 11 50 15 50 50 50 50 50 27 50 50 50 50 50 50 50 50 50 50 50 50 50 50 50 50 50 50 50 50 50 48 50 32 50 50 50 50 50 50]
  [50 50 50 50 50 50 50 40 50 50 50 48 50 50 50 50 50 50 50 50 50 50 6 44 50 50 50 0 50 50 50 50 50 50 50 50 50 50 50 46 38 25 50 50 50 50 50 50 50 50 50 50 50 50 50 50 50 50 50 50 50 50 50 50 50 50 50 50 50 50 50 50 50 50 50 50 50 50 49 50 50 50 50 50 50 50 50 50 50 50 50 50 50 50 50 37 50 50 50 50 50 50 50 9 50 50 50 24 50 15 50 50 50 50 50 50 50 50 50 50 50 50 38 50 42 50 50 50 50 50 50 24 50 50 20 50 50 22 50 50 50 46 50 50 50 28 45 50 50 50]
  [50 50 44 26 50 50 50 50 50 50 50 50 50 50 50 50 41 49 50 50 50 50 50 50 50 50 50 50 0 50 50 50 50 50 50 50 50 50 50 50 50 50 50 50 20 50 50 50 50 50 21 37 50 47 50 50 50 50 50 50 50 50 36 50 50 43 50 50 50 50 50 50 50 47 50 50 50 50 50 50 50 50 35 48 50 50 50 50 50 34 50 23 19 50 50 50 50 50 50 50 50 50 50 50 50 50 50 50 50 50 50 50 50 50 43 50 50 41 50 50 44 45 50 50 50 50 50 48 50 50 50 50 50 50 50 50 28 50 50 46 23 50 50 50 48 50 50 50 50 50]
  [50 50 50 50 50 50 50 50 43 50 18 50 50 35 50 50 50 50 50 30 50 50 50 50 50 50 50 50 50 0 50 22 23 50 50 50 50 50 50 50 50 50 45 50 50 50 50 50 50 50 50 50 47 50 50 50 50 50 17 32 40 50 50 41 20 50 50 40 44 50 50 50 50 50 50 50 50 50 50 50 50 50 50 50 50 50 50 50 50 50 50 50 50 50 50 50 50 10 50 50 50 50 50 50 50 50 50 50 50 50 18 47 23 50 36 50 50 50 50 50 29 50 50 26 50 50 50 50 50 50 50 50 50 50 50 50 50 50 50 33 50 50 50 25 50 50 50 50 50 50]
  [50 50 50 50 50 50 50 50 50 50 50 50 40 50 50 50 50 50 19 50 50 50 50 50 22 50 50 50 50 50 0 50 50 50 50 50 50 50 50 50 50 50 50 50 50 50 50 36 50 50 50 50 50 50 50 50 30 50 50 50 50 38 50 50 50 50 26 50 50 38 50 50 50 50 50 8 50 39 50 43 50 50 50 50 44 50 7 50 50 50 50 50 50 50 50 50 50 50 31 50 50 50 50 50 50 50 50 50 50 50 50 50 50 50 50 37 50 50 50 50 50 50 50 50 50 34 33 50 26 50 46 50 50 50 50 50 50 50 50 50 50 50 31 50 50 50 50 50 50 50]
  [50 50 50 50 50 50 50 50 44 50 9 50 50 47 50 50 50 50 50 47 50 50 50 50 50 50 41 50 50 22 50 0 42 50 50 50 50 50 50 50 50 50 50 50 50 50 50 50 50 50 50 50 44 50 50 50 50 50 14 31 24 50 50 50 40 50 50 38 26 50 50 50 50 50 50 50 50 50 50 50 50 50 50 50 50 50 50 50 50 50 50 50 50 50 50 50 50 22 50 50 50 50 50 50 41 50 50 50 50 50 25 30 36 50 50 50 50 50 50 46 50 50 50 45 50 50 50 50 50 50 50 50 50 50 50 50 50 50 50 50 50 50 50 20 50 50 50 50 50 50]
  [50 50 30 50 50 50 50 50 50 50 35 50 50 48 46 50 50 50 50 38 50 50 50 50 50 50 50 50 50 23 50 42 0 50 37 50 50 50 50 50 50 50 28 50 50 50 50 50 50 50 50 50 50 50 33 50 50 50 30 50 50 50 50 18 3 50 50 50 50 50 50 50 50 50 50 50 50 50 50 50 50 50 31 44 50 50 50 50 50 45 50 50 50 50 50 50 50 31 50 50 50 50 50 50 50 50 50 50 50 50 22 50 14 50 37 50 50 50 50 50 17 50 50 3 50 50 50 40 50 50 50 50 50 50 50 50 50 50 50 14 50 50 50 47 49 50 50 50 50 50]
  [50 50 50 50 47 50 50 26 8 18 50 50 50 25 50 50 50 50 50 37 50 27 50 30 50 50 40 50 50 50 50 50 50 0 50 6 21 50 50 30 50 44 50 50 50 50 50 50 16 50 50 50 13 50 50 50 50 50 50 21 41 50 50 50 50 50 50 14 46 50 50 50 50 50 16 50 50 50 17 50 24 46 50 50 50 50 50 50 50 50 50 50 50 50 50 47 50 41 50 50 50 50 50 50 39 22 50 50 50 50 50 43 50 50 46 50 50 46 50 14 50 50 50 50 50 50 50 50 50 50 50 43 50 50 47 50 50 50 50 50 50 50 50 32 50 50 50 50 50 50]
  [50 50 35 50 50 50 50 50 50 50 50 50 50 50 21 50 50 50 50 50 50 50 50 50 50 50 50 50 50 50 50 50 37 50 0 50 50 50 50 50 50 50 11 50 50 50 50 50 50 50 50 50 50 50 6 50 50 50 50 50 50 50 50 30 39 50 50 50 50 50 50 50 50 50 50 50 50 50 50 50 50 50 43 36 50 50 50 50 50 48 50 50 50 50 50 50 50 50 50 50 50 50 50 50 50 50 50 50 50 50 42 50 33 50 50 50 50 50 50 50 49 50 50 34 50 50 50 34 50 50 50 50 50 50 50 50 50 50 50 40 50 50 50 50 42 50 50 50 50 50]
  [50 50 50 50 42 50 50 22 14 12 50 50 50 29 50 50 50 50 50 41 50 22 50 24 50 50 43 50 50 50 50 50 50 6 50 0 20 50 50 30 50 39 50 50 50 50 50 50 12 50 50 50 17 50 50 50 50 50 50 27 45 50 50 50 50 50 50 20 50 50 50 50 50 50 15 50 50 50 13 50 19 44 50 50 50 50 50 50 50 50 50 50 50 50 50 42 50 46 50 45 50 50 50 50 42 20 50 50 50 50 50 47 50 50 50 50 50 48 50 17 50 50 50 50 50 50 50 50 50 50 50 39 50 50 42 50 50 50 50 50 50 50 50 38 50 50 50 50 50 50]
  [39 50 50 50 35 50 50 40 25 28 50 50 50 20 50 50 50 50 50 30 50 22 50 36 50 50 50 50 50 50 50 50 50 21 50 20 0 50 50 50 50 50 50 37 50 50 50 50 30 50 50 50 33 50 50 50 50 50 50 35 50 50 50 50 50 49 50 32 50 50 50 50 50 44 35 50 50 50 32 50 23 26 50 50 50 50 50 50 50 50 50 50 50 50 50 50 42 46 50 40 50 50 50 50 50 6 50 50 50 50 50 50 50 50 35 50 50 29 50 34 50 50 50 50 50 50 50 50 50 50 50 50 50 50 50 50 50 50 50 50 50 50 50 45 50 50 50 50 50 50]
  [50 50 50 50 50 49 50 50 50 50 50 50 50 50 50 50 50 50 50 50 50 50 50 50 50 50 50 50 50 50 50 50 50 50 50 50 50 0 50 50 50 50 50 50 50 31 36 50 50 50 50 50 50 50 50 50 50 50 50 50 50 50 50 50 50 50 50 50 50 50 12 50 43 50 50 50 50 50 50 50 50 50 50 50 50 33 50 27 50 50 5 50 50 50 6 50 50 50 50 50 12 28 38 50 50 50 44 50 36 50 50 50 50 50 50 50 14 50 48 50 50 50 50 50 50 50 50 50 50 50 50 50 50 48 50 50 50 50 29 50 50 50 50 50 50 50 50 30 30 7]
  [50 32 50 50 50 50 33 50 50 50 50 50 50 50 50 30 50 50 50 50 3 50 50 50 50 26 50 50 50 50 50 50 50 50 50 50 50 50 0 50 50 50 50 50 50 45 50 50 50 50 50 50 50 50 50 39 28 50 50 50 50 21 50 50 50 50 50 50 50 25 50 28 42 50 50 50 50 50 50 50 50 50 50 50 15 50 50 50 29 50 50 50 50 48 50 50 50 50 39 50 50 50 50 50 50 50 50 50 50 50 50 50 50 50 50 50 50 50 32 50 50 50 50 50 50 24 50 50 50 50 50 50 50 50 50 24 50 50 50 50 50 50 49 50 50 50 50 50 50 50]
  [50 50 50 50 50 50 50 19 31 28 50 21 50 50 50 50 50 50 50 50 50 45 48 34 50 50 25 46 50 50 50 50 50 30 50 30 50 50 50 0 50 32 50 50 50 50 50 50 22 50 50 50 23 50 50 50 50 50 50 37 37 50 50 50 50 50 50 30 39 50 50 50 50 50 15 50 50 50 21 50 41 50 50 50 50 50 50 50 50 50 50 50 50 50 50 47 50 50 50 50 50 50 50 37 24 49 50 50 50 50 50 35 50 25 50 50 50 50 50 20 50 50 41 50 50 50 50 50 50 50 50 29 50 50 31 50 50 38 50 50 50 44 50 44 50 50 50 50 50 50]
  [50 50 50 50 50 50 50 50 50 50 50 50 50 50 50 50 50 50 50 50 50 50 42 46 50 50 50 38 50 50 50 50 50 50 50 50 50 50 50 50 0 38 50 50 50 50 50 50 50 50 50 50 50 50 50 50 50 50 50 50 50 50 50 50 50 50 50 50 50 50 48 50 50 50 50 50 50 50 50 50 50 50 50 50 50 29 50 50 50 50 50 50 50 50 50 29 50 50 50 50 50 50 50 42 50 50 20 20 50 50 50 50 50 50 50 50 50 50 50 50 50 50 50 50 10 50 50 50 50 50 50 40 50 12 40 50 50 50 50 50 50 50 50 50 50 18 7 50 50 50]
  [50 50 50 50 48 50 50 18 50 27 50 45 50 50 50 50 50 50 50 50 50 36 30 19 50 50 50 25 50 50 50 50 50 44 50 39 50 50 50 32 38 0 50 50 50 50 50 50 28 50 50 50 46 50 50 50 50 50 50 50 50 50 50 50 50 50 50 50 50 50 50 50 50 50 33 50 50 50 27 50 33 50 50 50 50 50 50 50 50 50 50 50 50 50 50 18 50 50 50 47 50 50 50 19 50 50 50 37 50 39 50 50 50 50 50 50 50 50 50 43 50 50 49 50 35 50 50 50 50 50 50 4 50 48 6 50 50 35 50 50 50 50 50 50 50 19 43 50 50 50]
  [50 50 36 50 50 50 50 50 50 50 48 50 50 50 31 50 50 50 50 50 50 50 50 50 50 50 50 50 50 45 50 50 28 50 11 50 50 50 50 50 50 50 0 50 50 50 50 50 50 50 50 50 50 50 13 50 50 50 42 50 50 50 50 27 31 50 50 50 50 50 50 50 50 50 50 50 50 50 50 50 50 50 43 42 50 50 50 50 50 50 50 50 50 50 50 50 50 50 50 50 50 50 50 50 50 50 50 50 50 50 31 50 22 50 50 50 50 50 50 50 43 50 50 27 50 50 50 39 50 50 50 50 50 50 50 50 50 50 50 36 50 50 50 50 48 50 50 50 50 50]
  [4 50 50 50 21 28 50 50 50 50 50 50 50 50 50 50 50 50 50 50 50 35 50 50 50 50 50 50 50 50 50 50 50 50 50 50 37 50 50 50 50 50 50 0 50 50 50 50 50 50 50 50 50 42 50 50 50 28 50 50 50 50 50 50 50 32 50 50 50 50 50 45 50 27 50 50 50 50 50 50 39 12 50 50 50 50 50 50 50 50 50 50 50 41 50 50 7 50 50 25 50 47 50 50 50 33 50 50 50 50 50 50 50 50 50 50 50 44 50 50 50 43 50 50 50 50 50 50 50 50 50 50 50 50 50 50 50 50 50 50 50 50 50 50 50 50 50 44 46 50]
  [50 50 35 34 50 50 50 50 50 50 50 50 50 50 50 50 50 48 50 50 50 50 50 50 50 50 50 50 20 50 50 50 50 50 50 50 50 50 50 50 50 50 50 50 0 50 50 50 50 50 13 42 50 50 50 50 50 50 50 50 50 50 30 45 50 50 50 50 50 50 50 50 50 50 50 50 50 50 50 50 50 50 29 34 50 50 50 50 50 20 50 43 36 50 50 50 50 50 50 50 50 50 50 50 50 50 50 50 50 50 50 50 50 50 50 50 50 50 50 50 48 50 50 50 50 50 50 35 50 50 50 50 50 50 50 50 15 50 50 46 6 50 50 50 31 50 50 50 50 50]
  [50 50 50 50 50 37 28 50 50 50 50 50 50 50 50 50 50 50 50 50 46 50 50 50 50 50 50 50 50 50 50 50 50 50 50 50 50 31 45 50 50 50 50 50 50 0 32 50 50 50 50 50 50 50 50 50 50 37 50 50 50 50 50 50 50 50 50 50 50 50 41 43 20 50 50 50 50 50 50 50 50 50 50 50 50 50 50 50 27 50 30 50 50 50 25 50 50 50 50 50 41 24 50 50 50 50 50 50 29 50 50 50 50 50 50 50 43 50 22 50 50 50 50 50 50 50 50 50 50 50 50 50 50 50 50 21 50 50 31 50 50 50 50 50 50 50 50 28 24 37]
  [50 50 50 50 50 50 34 50 50 50 50 50 50 50 50 50 50 50 50 50 50 50 50 50 50 50 50 50 50 50 50 50 50 50 50 50 50 36 50 50 50 50 50 50 50 32 0 50 50 50 50 50 50 50 50 50 50 50 50 50 50 50 50 50 50 50 50 50 50 50 47 50 24 50 50 50 33 50 50 50 50 50 50 50 50 50 50 43 37 50 40 50 50 50 31 50 50 50 50 50 37 50 27 50 50 50 50 50 4 50 50 50 50 50 50 50 38 50 50 50 50 50 50 50 50 50 50 50 50 50 50 50 50 50 50 45 50 50 8 50 50 50 50 50 50 50 50 50 50 38]
  [50 47 50 45 50 50 50 50 50 50 50 50 50 50 50 50 29 40 18 50 50 50 50 50 15 50 50 50 50 50 36 50 50 50 50 50 50 50 50 50 50 50 50 50 50 50 50 0 50 28 50 37 50 50 50 42 45 50 50 50 50 50 50 50 50 50 14 50 50 46 50 50 50 50 50 41 50 41 50 11 50 50 50 50 50 50 42 50 50 50 50 50 50 50 50 50 50 50 32 50 50 50 50 50 50 50 50 50 50 50 50 50 50 50 50 4 50 50 50 50 50 50 50 50 50 48 41 50 13 20 29 50 37 50 50 50 50 50 50 50 50 50 21 50 50 50 50 50 50 50]
  [50 50 50 50 44 50 50 11 22 6 50 43 50 40 50 50 50 50 50 50 50 23 50 17 50 50 41 50 50 50 50 50 50 16 50 12 30 50 50 22 50 28 50 50 50 50 50 50 0 50 50 50 20 50 50 50 50 50 50 34 47 50 50 50 50 50 50 26 50 50 50 50 50 50 10 50 50 50 2 50 19 50 50 50 50 50 50 50 50 50 50 50 50 50 50 34 50 50 50 45 50 50 50 43 40 28 50 50 50 50 50 48 50 46 50 50 50 50 50 18 50 50 50 50 50 50 50 50 50 50 50 27 50 50 31 50 50 50 50 50 50 50 50 45 50 44 50 50 50 50]
  [50 29 50 37 50 50 50 50 50 50 50 50 50 50 50 34 26 48 35 50 50 50 50 50 33 36 50 50 50 50 50 50 50 50 50 50 50 50 50 50 50 50 50 50 50 50 50 28 50 0 50 37 50 24 50 22 42 50 50 50 50 50 50 50 50 38 28 50 50 37 50 47 50 44 50 50 50 50 50 36 50 50 50 50 50 50 50 50 50 50 50 41 50 25 50 50 50 50 27 50 50 50 50 50 50 50 50 50 50 50 50 50 50 50 50 31 50 50 50 50 50 23 50 50 50 43 50 50 39 31 50 50 10 50 50 50 50 50 50 50 50 50 22 50 50 50 50 50 50 50]
  [50 50 48 23 50 50 50 50 50 50 50 50 50 50 50 50 38 34 50 50 50 50 50 50 50 50 50 50 21 50 50 50 50 50 50 50 50 50 50 50 50 50 50 50 13 50 50 50 50 50 0 29 50 50 50 50 50 50 50 50 50 50 17 50 50 50 50 50 50 50 50 50 50 50 50 50 50 50 50 50 50 50 42 46 50 50 50 50 50 33 50 41 40 50 50 50 50 50 50 50 50 50 50 50 50 50 50 50 50 50 50 50 50 50 50 50 50 50 50 50 50 50 50 50 50 50 50 47 50 47 50 50 50 50 50 50 8 50 50 50 10 50 50 50 43 50 50 50 50 50]
  [50 50 50 12 50 50 50 50 50 50 50 50 50 50 50 50 11 15 50 50 50 50 50 50 50 50 50 50 37 50 50 50 50 50 50 50 50 50 50 50 50 50 50 50 42 50 50 37 50 37 29 0 50 47 50 50 50 50 50 50 50 50 20 50 50 50 49 50 50 50 50 50 50 50 50 50 50 50 50 34 50 50 50 50 50 50 50 50 50 50 50 43 50 50 50 50 50 50 50 50 50 50 50 50 50 50 50 50 50 50 50 50 50 50 50 37 50 50 50 50 50 46 50 50 50 50 50 50 49 19 49 50 44 50 50 50 32 50 50 50 38 50 50 50 50 50 50 50 50 50]
  [50 50 50 50 50 50 50 28 9 25 50 41 50 32 50 50 50 50 50 42 50 39 50 37 50 50 27 50 50 47 50 44 50 13 50 17 33 50 50 23 50 46 50 50 50 50 50 50 20 50 50 50 0 50 50 50 50 50 50 15 28 50 50 50 50 50 50 7 33 50 50 50 50 50 13 50 50 50 21 50 35 50 50 50 50 50 50 50 50 50 50 50 50 50 50 50 50 38 50 50 50 50 50 50 26 35 50 50 50 50 50 30 50 38 50 50 50 50 50 3 50 50 50 50 50 50 50 50 50 50 50 45 50 50 48 50 50 50 50 50 50 50 50 25 50 50 50 50 50 50]
  [37 34 50 41 50 50 50 50 50 50 50 50 50 50 50 35 39 50 50 50 50 50 50 50 50 38 50 50 47 50 50 50 50 50 50 50 50 50 50 50 50 50 50 42 50 50 50 50 50 24 50 47 50 0 50 28 50 50 50 50 50 50 50 50 50 15 50 50 50 48 50 41 50 20 50 50 50 50 50 50 50 43 50 50 50 50 50 50 50 50 50 26 43 16 50 50 35 50 44 50 50 50 50 50 50 50 50 50 50 50 50 50 50 50 50 50 50 47 50 50 50 2 50 50 50 50 50 50 50 50 50 50 16 50 50 50 50 50 50 50 50 50 43 50 50 50 50 50 50 50]
  [50 50 29 50 50 50 50 50 50 50 50 50 50 50 18 50 50 50 50 50 50 50 50 50 50 50 50 50 50 50 50 50 33 50 6 50 50 50 50 50 50 50 13 50 50 50 50 50 50 50 50 50 50 50 0 50 50 50 50 50 50 50 50 24 36 50 50 50 50 50 50 50 50 50 50 50 50 50 50 50 50 50 38 31 50 50 50 50 50 43 50 50 50 50 50 50 50 50 50 50 50 50 50 50 50 50 50 50 50 50 42 50 32 50 50 50 50 50 50 50 44 50 50 31 50 50 50 29 50 50 50 50 50 50 50 50 50 50 50 36 50 50 50 50 36 50 50 50 50 50]
  [50 8 50 50 50 50 50 50 50 50 50 50 50 50 50 12 47 50 40 50 36 50 50 50 39 14 50 50 50 50 50 50 50 50 50 50 50 50 39 50 50 50 50 50 50 50 50 42 50 22 50 50 50 28 50 0 28 49 50 50 50 42 50 50 50 41 34 50 50 20 50 26 50 44 50 50 50 50 50 50 50 50 50 50 42 50 50 50 50 50 50 50 50 15 50 50 49 50 19 50 50 50 50 50 50 50 50 50 50 50 50 50 50 50 50 46 50 50 47 50 50 29 50 50 50 28 50 50 49 50 50 50 16 50 50 50 50 50 50 50 50 50 24 50 50 50 50 50 50 50]
  [50 25 50 50 50 50 50 50 50 50 50 50 50 50 50 28 50 50 31 50 26 50 50 50 32 26 50 50 50 50 30 50 50 50 50 50 50 50 28 50 50 50 50 50 50 50 50 45 50 42 50 50 50 50 50 28 0 50 50 50 50 17 50 50 50 50 31 50 50 9 50 39 50 50 50 38 50 50 50 50 50 50 50 50 20 50 28 50 50 50 50 50 50 43 50 50 50 50 15 50 50 50 50 50 50 50 50 50 50 50 50 50 50 50 50 48 50 50 50 50 50 50 50 50 50 4 50 50 43 50 50 50 42 50 50 50 50 50 50 50 50 50 25 50 50 50 50 50 50 50]
  [29 46 50 50 36 3 50 50 50 50 50 50 50 50 50 40 50 50 50 50 50 50 50 50 50 41 50 50 50 50 50 50 50 50 50 50 50 50 50 50 50 50 50 28 50 37 50 50 50 50 50 50 50 50 50 49 50 0 50 50 50 50 50 50 50 49 50 50 50 50 50 27 50 46 50 50 50 50 50 50 50 40 50 50 50 50 50 50 50 50 47 50 50 41 49 50 27 50 50 35 50 24 50 50 50 50 50 50 50 50 50 50 50 50 50 50 50 50 23 50 50 50 50 50 50 50 50 50 50 50 50 50 50 50 50 38 50 50 50 50 50 50 50 50 50 50 50 23 22 50]
  [50 50 50 50 50 50 50 50 50 50 6 50 50 50 50 50 50 50 50 46 50 50 50 50 50 50 50 50 50 17 50 14 30 50 50 50 50 50 50 50 50 50 42 50 50 50 50 50 50 50 50 50 50 50 50 50 50 50 0 40 39 50 50 48 29 50 50 49 41 50 50 50 50 50 50 50 50 50 50 50 50 50 50 50 50 50 50 50 50 50 50 50 50 50 50 50 50 23 50 50 50 50 50 50 50 50 50 50 50 50 11 45 22 50 50 50 50 50 50 50 42 50 50 33 50 50 50 50 50 50 50 50 50 50 50 50 50 50 50 43 50 50 50 30 50 50 50 50 50 50]
  [50 50 50 50 50 50 50 43 14 38 37 50 50 24 50 50 50 50 50 31 50 48 50 50 50 50 32 50 50 32 50 31 50 21 50 27 35 50 50 37 50 50 50 50 50 50 50 50 34 50 50 50 15 50 50 50 50 50 40 0 24 50 50 50 50 50 50 8 30 50 50 50 50 50 28 50 50 50 35 50 46 50 50 50 50 50 50 50 50 50 50 50 50 50 50 50 50 22 50 50 50 50 50 50 32 39 50 50 50 50 48 29 50 46 42 50 50 49 50 18 50 50 50 50 50 50 50 50 50 50 50 50 50 50 50 50 50 50 50 50 50 50 50 11 50 50 50 50 50 50]
  [50 50 50 50 50 50 50 50 34 50 33 41 50 48 50 50 50 50 50 50 50 50 50 50 50 50 17 50 50 40 50 24 50 41 50 45 50 50 50 37 50 50 50 50 50 50 50 50 47 50 50 50 28 50 50 50 50 50 39 24 0 50 50 50 50 50 50 27 6 50 50 50 50 50 38 50 50 50 47 50 50 50 50 50 50 50 50 50 50 50 50 50 50 50 50 50 50 35 50 50 50 50 50 50 17 50 50 50 50 50 49 7 50 31 50 50 50 50 50 30 50 50 50 50 50 50 50 50 50 50 50 50 50 50 50 50 50 50 50 50 50 50 50 19 50 50 50 50 50 50]
  [50 36 50 50 50 50 49 50 50 50 50 50 50 50 50 38 50 50 45 50 21 50 50 50 47 35 50 50 50 50 38 50 50 50 50 50 50 50 21 50 50 50 50 50 50 50 50 50 50 50 50 50 50 50 50 42 17 50 50 50 50 0 50 50 50 50 47 50 50 22 50 44 50 50 50 43 50 50 50 50 50 50 50 50 7 50 33 50 45 50 50 50 50 50 50 50 50 50 32 50 50 50 50 50 50 50 50 50 50 50 50 50 50 50 50 50 50 50 50 50 50 50 50 50 50 15 50 50 50 50 50 50 50 50 50 44 50 50 50 50 50 50 41 50 50 50 50 50 50 50]
  [50 50 50 23 50 50 50 50 50 50 50 50 50 50 50 50 32 19 50 50 50 50 50 50 50 50 50 50 36 50 50 50 50 50 50 50 50 50 50 50 50 50 50 50 30 50 50 50 50 50 17 20 50 50 50 50 50 50 50 50 50 50 0 50 50 50 50 50 50 50 50 50 50 50 50 50 50 50 50 50 50 50 50 50 50 50 50 50 50 48 50 50 50 50 50 50 50 50 50 50 50 50 50 50 50 50 50 50 50 50 50 50 50 50 50 50 50 50 50 50 50 50 50 50 50 50 50 50 50 36 50 50 50 50 50 50 16 50 50 50 25 50 50 50 50 50 50 50 50 50]
  [50 50 12 50 50 50 50 50 50 50 50 50 50 50 31 50 50 50 50 49 50 50 50 50 50 50 50 50 50 41 50 50 18 50 30 50 50 50 50 50 50 50 27 50 45 50 50 50 50 50 50 50 50 50 24 50 50 50 48 50 50 50 50 0 20 50 50 50 50 50 50 50 50 50 50 50 50 50 50 50 50 50 17 25 50 50 50 50 50 28 50 50 49 50 50 50 50 48 50 50 50 50 50 50 50 50 50 50 50 50 38 50 27 50 44 50 50 50 50 50 22 50 50 15 50 50 50 22 50 50 50 50 50 50 50 50 50 50 50 12 50 50 50 50 31 50 50 50 50 50]
  [50 50 32 50 50 50 50 50 50 50 33 50 50 45 49 50 50 50 50 36 50 50 50 50 50 50 50 50 50 20 50 40 3 50 39 50 50 50 50 50 50 50 31 50 50 50 50 50 50 50 50 50 50 50 36 50 50 50 29 50 50 50 50 20 0 50 50 50 50 50 50 50 50 50 50 50 50 50 50 50 50 50 32 46 50 50 50 50 50 46 50 50 50 50 50 50 50 28 50 50 50 50 50 50 50 50 50 50 50 50 21 50 14 50 35 50 50 50 50 50 16 50 50 6 50 50 50 42 50 50 50 50 50 50 50 50 50 50 50 15 50 50 50 45 50 50 50 50 50 50]
  [28 46 50 46 50 50 50 50 50 50 50 50 50 50 50 45 49 50 50 50 50 50 50 50 50 49 50 50 43 50 50 50 50 50 50 50 49 50 50 50 50 50 50 32 50 50 50 50 50 38 50 50 50 15 50 41 50 49 50 50 50 50 50 50 50 0 50 50 50 50 50 48 50 6 50 50 50 50 50 50 50 30 50 50 50 50 50 50 50 50 50 20 34 27 50 50 27 50 50 50 50 50 50 50 50 50 50 50 50 50 50 50 50 50 48 50 50 33 50 50 50 15 50 50 50 50 50 50 50 50 50 50 31 50 50 50 50 50 50 50 50 50 50 50 50 50 50 50 50 50]
  [50 38 50 50 50 50 50 50 50 50 50 50 50 50 50 44 39 50 7 50 50 50 50 50 5 44 50 50 50 50 26 50 50 50 50 50 50 50 50 50 50 50 50 50 50 50 50 14 50 28 50 49 50 50 50 34 31 50 50 50 50 47 50 50 50 50 0 50 50 34 50 50 50 50 50 33 50 44 50 24 50 50 50 50 50 50 31 50 50 50 50 50 50 47 50 50 50 50 20 50 50 50 50 50 50 50 50 50 50 50 50 50 50 50 50 17 50 50 50 50 50 50 50 50 50 35 42 50 15 33 38 50 35 50 50 50 50 50 50 50 50 50 11 50 50 50 50 50 50 50]
  [50 50 50 50 50 50 50 35 7 30 45 47 50 26 50 50 50 50 50 35 50 41 50 42 50 50 30 50 50 40 50 38 50 14 50 20 32 50 50 30 50 50 50 50 50 50 50 50 26 50 50 50 7 50 50 50 50 50 49 8 27 50 50 50 50 50 50 0 32 50 50 50 50 50 20 50 50 50 27 50 38 50 50 50 50 50 50 50 50 50 50 50 50 50 50 50 50 31 50 50 50 50 50 50 29 35 50 50 50 50 50 30 50 43 46 50 50 50 50 10 50 50 50 50 50 50 50 50 50 50 50 50 50 50 50 50 50 50 50 50 50 50 50 19 50 50 50 50 50 50]
  [50 50 50 50 50 50 50 50 39 50 35 40 50 50 50 50 50 50 50 50 50 50 50 50 50 50 16 50 50 44 50 26 50 46 50 50 50 50 50 39 50 50 50 50 50 50 50 50 50 50 50 50 33 50 50 50 50 50 41 30 6 50 50 50 50 50 50 32 0 50 50 50 50 50 42 50 50 50 50 50 50 50 50 50 50 50 50 50 50 50 50 50 50 50 50 50 50 40 50 50 50 50 50 50 17 50 50 50 50 50 50 5 50 29 50 50 50 50 50 34 50 50 50 50 50 50 50 50 50 50 50 50 50 50 50 50 50 50 50 50 50 50 50 25 50 50 50 50 50 50]
  [50 16 50 50 50 50 50 50 50 50 50 50 50 50 50 19 50 50 35 50 22 50 50 50 36 17 50 50 50 50 38 50 50 50 50 50 50 50 25 50 50 50 50 50 50 50 50 46 50 37 50 50 50 48 50 20 9 50 50 50 50 22 50 50 50 50 34 50 50 0 50 30 50 50 50 46 50 50 50 50 50 50 50 50 23 50 37 50 50 50 50 50 50 35 50 50 50 50 14 50 50 50 50 50 50 50 50 50 50 50 50 50 50 50 50 49 50 50 47 50 50 49 50 50 50 7 50 50 47 50 50 50 35 50 50 45 50 50 50 50 50 50 25 50 50 50 50 50 50 50]
  [50 50 50 50 50 50 50 50 50 50 50 50 50 50 50 50 50 50 50 50 50 50 50 50 50 50 50 50 50 50 50 50 50 50 50 50 50 12 50 50 48 50 50 50 50 41 47 50 50 50 50 50 50 50 50 50 50 50 50 50 50 50 50 50 50 50 50 50 50 50 0 50 50 50 50 50 50 50 50 50 50 50 50 50 50 21 50 25 50 50 11 50 50 50 18 50 50 50 50 50 13 32 44 50 50 50 32 50 48 50 50 50 50 50 50 50 14 50 50 50 50 50 50 50 45 50 50 50 50 50 50 50 50 36 50 50 50 50 39 50 50 50 50 50 50 50 41 33 34 9]
  [43 21 50 50 50 30 49 50 50 50 50 50 50 50 50 14 50 50 50 50 26 50 50 50 50 15 50 50 50 50 50 50 50 50 50 50 50 50 28 50 50 50 50 45 50 43 50 50 50 47 50 50 50 41 50 26 39 27 50 50 50 44 50 50 50 48 50 50 50 30 50 0 50 48 50 50 50 50 50 50 50 50 50 50 40 50 50 50 45 50 50 50 50 25 50 50 40 50 40 50 50 45 50 50 50 50 50 50 50 50 50 50 50 50 50 50 50 50 22 50 50 43 50 50 50 36 50 50 50 50 50 50 38 50 50 30 50 50 50 50 50 50 48 50 50 50 50 46 43 50]
  [50 50 50 50 50 50 11 50 50 50 50 50 50 50 50 50 50 50 50 50 44 50 50 50 50 50 50 50 50 50 50 50 50 50 50 50 50 43 42 50 50 50 50 50 50 20 24 50 50 50 50 50 50 50 50 50 50 50 50 50 50 50 50 50 50 50 50 50 50 50 50 50 0 50 50 50 50 50 50 50 50 50 50 50 50 50 50 50 14 50 45 50 50 50 37 50 50 50 50 50 50 44 50 50 50 50 50 50 20 50 50 50 50 50 50 50 50 50 34 50 50 50 50 50 50 50 50 50 50 50 50 50 50 50 50 23 50 50 28 50 50 50 50 50 50 50 50 48 44 49]
  [23 49 50 50 47 48 50 50 50 50 50 50 50 50 50 47 50 50 50 50 50 50 50 50 50 50 50 50 47 50 50 50 50 50 50 50 44 50 50 50 50 50 50 27 50 50 50 50 50 44 50 50 50 20 50 44 50 46 50 50 50 50 50 50 50 6 50 50 50 50 50 48 50 0 50 50 50 50 50 50 50 24 50 50 50 50 50 50 50 50 50 24 36 29 50 50 22 50 50 50 50 50 50 50 50 44 50 50 50 50 50 50 50 50 46 50 50 31 50 50 50 20 50 50 50 50 50 50 50 50 50 50 36 50 50 50 50 50 50 50 50 50 50 50 50 50 50 50 50 50]
  [50 50 50 50 50 50 50 15 18 16 50 36 50 40 50 50 50 50 50 50 50 33 50 26 50 50 31 50 50 50 50 50 50 16 50 15 35 50 50 15 50 33 50 50 50 50 50 50 10 50 50 50 13 50 50 50 50 50 50 28 38 50 50 50 50 50 50 20 42 50 50 50 50 50 0 50 50 50 9 50 29 50 50 50 50 50 50 50 50 50 50 50 50 50 50 42 50 50 50 50 50 50 50 45 30 35 50 50 50 50 50 38 50 37 50 50 50 50 50 10 50 50 50 50 50 50 50 50 50 50 50 32 50 50 35 50 50 50 50 50 50 50 50 38 50 50 50 50 50 50]
  [50 50 50 50 50 50 50 50 50 50 50 50 34 50 50 50 50 50 26 50 50 50 50 50 28 50 50 50 50 50 8 50 50 50 50 50 50 50 50 50 50 50 50 50 50 50 50 41 50 50 50 50 50 50 50 50 38 50 50 50 50 43 50 50 50 50 33 50 50 46 50 50 50 50 50 0 50 35 50 47 50 50 50 50 50 50 10 50 50 50 50 50 50 50 50 50 50 50 40 50 50 50 50 50 50 50 50 50 50 50 50 50 50 50 50 42 50 50 50 50 50 50 50 50 50 42 29 50 30 50 46 50 50 50 50 50 50 50 50 50 50 50 39 50 50 50 50 50 50 50]
  [50 50 50 50 50 50 50 50 50 50 50 50 50 50 50 50 50 50 50 50 50 50 50 50 50 50 50 50 50 50 50 50 50 50 50 50 50 50 50 50 50 50 50 50 50 50 33 50 50 50 50 50 50 50 50 50 50 50 50 50 50 50 50 50 50 50 50 50 50 50 50 50 50 50 50 50 0 50 50 50 50 50 50 50 50 50 50 39 50 50 50 50 50 50 50 50 50 50 50 50 46 50 14 50 50 50 50 50 37 50 50 50 50 50 50 50 45 50 50 50 50 50 50 50 50 50 50 50 50 50 50 50 50 50 50 50 50 50 32 50 50 50 50 50 50 50 50 50 50 50]
  [50 50 50 50 50 50 50 50 50 50 50 50 11 50 50 50 50 50 39 50 50 50 50 50 40 50 50 50 50 50 39 50 50 50 50 50 50 50 50 50 50 50 50 50 50 50 50 41 50 50 50 50 50 50 50 50 50 50 50 50 50 50 50 50 50 50 44 50 50 50 50 50 50 50 50 35 50 0 50 38 50 50 50 50 50 50 45 50 50 50 50 50 50 50 50 50 50 50 50 50 50 50 50 50 50 50 50 50 50 50 50 50 50 50 50 39 50 50 50 50 50 50 50 50 50 50 7 50 30 50 22 50 50 50 50 50 50 50 50 50 50 50 50 50 50 50 50 50 50 50]
  [50 50 50 50 45 50 50 9 23 7 50 42 50 42 50 50 50 50 50 50 50 24 50 17 50 50 41 49 50 50 50 50 50 17 50 13 32 50 50 21 50 27 50 50 50 50 50 50 2 50 50 50 21 50 50 50 50 50 50 35 47 50 50 50 50 50 50 27 50 50 50 50 50 50 9 50 50 50 0 50 20 50 50 50 50 50 50 50 50 50 50 50 50 50 50 33 50 50 50 46 50 50 50 42 39 30 50 50 50 50 50 47 50 45 50 50 50 50 50 18 50 50 50 50 50 50 50 50 50 50 50 26 50 50 30 50 50 50 50 50 50 50 50 45 50 43 50 50 50 50]
  [50 50 50 43 50 50 50 50 50 50 50 50 48 50 50 50 28 32 26 50 50 50 50 50 24 50 50 50 50 50 43 50 50 50 50 50 50 50 50 50 50 50 50 50 50 50 50 11 50 36 50 34 50 50 50 50 50 50 50 50 50 50 50 50 50 50 24 50 50 50 50 50 50 50 50 47 50 38 50 0 50 50 50 50 50 50 49 50 50 50 50 50 50 50 50 50 50 50 43 50 50 50 50 50 50 50 50 50 50 50 50 50 50 50 50 7 50 50 50 50 50 50 50 50 50 50 39 50 17 15 21 50 45 50 50 50 50 50 50 50 50 50 32 50 50 50 50 50 50 50]
  [43 50 50 50 25 50 50 24 32 13 50 50 50 41 50 50 50 50 50 50 50 4 50 14 50 50 50 50 50 50 50 50 50 24 50 19 23 50 50 41 50 33 50 39 50 50 50 50 19 50 50 50 35 50 50 50 50 50 50 46 50 50 50 50 50 50 50 38 50 50 50 50 50 50 29 50 50 50 20 50 0 34 50 50 50 50 50 50 50 50 50 50 50 50 50 28 46 50 50 26 50 50 50 50 50 17 50 50 50 50 50 50 50 50 50 50 50 50 50 34 50 50 50 50 49 50 50 50 50 50 50 35 50 50 38 50 50 50 50 50 50 50 50 50 50 41 50 50 50 50]
  [12 50 50 50 25 40 50 50 50 46 50 50 50 42 50 50 50 50 50 47 50 31 50 48 50 50 50 50 50 50 50 50 50 46 50 44 26 50 50 50 50 50 50 12 50 50 50 50 50 50 50 50 50 43 50 50 50 40 50 50 50 50 50 50 50 30 50 50 50 50 50 50 50 24 50 50 50 50 50 50 34 0 50 50 50 50 50 50 50 50 50 45 50 46 50 50 15 50 50 29 50 50 50 50 50 24 50 50 50 50 50 50 50 50 47 50 50 33 50 50 50 43 50 50 50 50 50 50 50 50 50 50 50 50 50 50 50 50 50 50 50 50 50 50 50 50 50 50 50 50]
  [50 50 9 50 50 50 50 50 50 50 50 50 50 50 37 50 50 50 50 49 50 50 50 50 50 50 50 50 35 50 50 50 31 50 43 50 50 50 50 50 50 50 43 50 29 50 50 50 50 50 42 50 50 50 38 50 50 50 50 50 50 50 50 17 32 50 50 50 50 50 50 50 50 50 50 50 50 50 50 50 50 50 0 21 50 50 50 50 50 14 50 50 37 50 50 50 50 50 50 50 50 50 50 50 50 50 50 50 50 50 50 50 43 50 41 50 50 50 50 50 24 50 50 28 50 50 50 19 50 50 50 50 50 50 50 50 44 50 50 18 34 50 50 50 24 50 50 50 50 50]
  [50 50 15 50 50 50 50 50 50 50 50 50 50 50 21 50 50 50 50 50 50 50 50 50 50 50 50 50 48 50 50 50 44 50 36 50 50 50 50 50 50 50 42 50 34 50 50 50 50 50 46 50 50 50 31 50 50 50 50 50 50 50 50 25 46 50 50 50 50 50 50 50 50 50 50 50 50 50 50 50 50 50 21 0 50 50 50 50 50 15 50 50 50 50 50 50 50 50 50 50 50 50 50 50 50 50 50 50 50 50 50 50 50 50 50 50 50 50 50 50 43 50 50 40 50 50 50 3 50 50 50 50 50 50 50 50 44 50 50 35 37 50 50 50 6 50 50 50 50 50]
  [50 36 50 50 50 50 42 50 50 50 50 50 50 50 50 36 50 50 50 50 15 50 50 50 50 33 50 50 50 50 44 50 50 50 50 50 50 50 15 50 50 50 50 50 50 50 50 50 50 50 50 50 50 50 50 42 20 50 50 50 50 7 50 50 50 50 50 50 50 23 50 40 50 50 50 50 50 50 50 50 50 50 50 50 0 50 40 50 39 50 50 50 50 50 50 50 50 50 35 50 50 50 50 50 50 50 50 50 50 50 50 50 50 50 50 50 50 50 46 50 50 50 50 50 50 18 50 50 50 50 50 50 50 50 50 38 50 50 50 50 50 50 45 50 50 50 50 50 50 50]
  [50 50 50 50 50 50 50 50 50 50 50 50 50 50 50 50 50 50 50 50 50 50 50 50 50 50 50 50 50 50 50 50 50 50 50 50 50 33 50 50 29 50 50 50 50 50 50 50 50 50 50 50 50 50 50 50 50 50 50 50 50 50 50 50 50 50 50 50 50 50 21 50 50 50 50 50 50 50 50 50 50 50 50 50 50 0 50 35 50 50 31 50 50 50 39 50 50 50 50 50 30 46 50 50 50 50 11 47 50 50 50 50 50 50 50 50 30 50 50 50 50 50 50 50 29 50 50 50 50 50 50 50 50 17 50 50 50 50 50 50 50 50 50 50 50 45 23 45 48 29]
  [50 50 50 50 50 50 50 50 50 50 50 50 44 50 50 50 50 50 24 50 50 50 50 50 27 50 50 50 50 50 7 50 50 50 50 50 50 50 50 50 50 50 50 50 50 50 50 42 50 50 50 50 50 50 50 50 28 50 50 50 50 33 50 50 50 50 31 50 50 37 50 50 50 50 50 10 50 45 50 49 50 50 50 50 40 50 0 50 50 50 50 50 50 50 50 50 50 50 32 50 50 50 50 50 50 50 50 50 50 50 50 50 50 50 50 43 50 50 50 50 50 50 50 50 50 32 39 50 33 50 50 50 50 50 50 50 50 50 50 50 50 50 34 50 50 50 50 50 50 50]
  [50 50 50 50 50 50 50 50 50 50 50 50 50 50 50 50 50 50 50 50 50 50 50 50 50 50 50 50 50 50 50 50 50 50 50 50 50 27 50 50 50 50 50 50 50 50 43 50 50 50 50 50 50 50 50 50 50 50 50 50 50 50 50 50 50 50 50 50 50 50 25 50 50 50 50 50 39 50 50 50 50 50 50 50 50 35 50 0 50 50 31 50 50 50 31 50 50 50 50 50 15 50 26 50 50 50 45 50 46 50 50 50 50 50 50 50 13 50 50 50 50 50 50 50 50 50 50 50 50 50 50 50 50 50 50 50 50 50 35 50 50 50 50 50 50 50 50 50 50 21]
  [50 50 50 50 50 50 4 50 50 50 50 50 50 50 50 50 50 50 50 50 31 50 50 50 50 50 50 50 50 50 50 50 50 50 50 50 50 50 29 50 50 50 50 50 50 27 37 50 50 50 50 50 50 50 50 50 50 50 50 50 50 45 50 50 50 50 50 50 50 50 50 45 14 50 50 50 50 50 50 50 50 50 50 50 39 50 50 50 0 50 50 50 50 50 49 50 50 50 50 50 50 50 50 50 50 50 50 50 33 50 50 50 50 50 50 50 50 50 31 50 50 50 50 50 50 50 50 50 50 50 50 50 50 50 50 17 50 50 42 50 50 50 50 50 50 50 50 50 49 50]
  [50 50 16 50 50 50 50 50 50 50 50 50 50 50 35 50 50 50 50 50 50 50 50 50 50 50 50 50 34 50 50 50 45 50 48 50 50 50 50 50 50 50 50 50 20 50 50 50 50 50 33 50 50 50 43 50 50 50 50 50 50 50 48 28 46 50 50 50 50 50 50 50 50 50 50 50 50 50 50 50 50 50 14 15 50 50 50 50 50 0 50 50 42 50 50 50 50 50 50 50 50 50 50 50 50 50 50 50 50 50 50 50 50 50 50 50 50 50 50 50 38 50 50 42 50 50 50 15 50 50 50 50 50 50 50 50 33 50 50 32 24 50 50 50 15 50 50 50 50 50]
  [50 50 50 50 50 45 50 50 50 50 50 50 50 50 50 50 50 50 50 50 50 50 50 50 50 50 50 50 50 50 50 50 50 50 50 50 50 5 50 50 50 50 50 50 50 30 40 50 50 50 50 50 50 50 50 50 50 47 50 50 50 50 50 50 50 50 50 50 50 50 11 50 45 50 50 50 50 50 50 50 50 50 50 50 50 31 50 31 50 50 0 50 50 50 9 50 50 50 50 50 16 24 44 50 50 50 42 50 40 50 50 50 50 50 50 50 17 50 46 50 50 50 50 50 50 50 50 50 50 50 50 50 50 45 50 50 50 50 33 50 50 50 50 50 50 50 50 25 26 10]
  [46 50 50 32 50 50 50 50 50 50 50 50 50 50 50 50 40 50 50 49 50 50 50 50 50 50 50 50 23 50 50 50 50 50 50 50 50 50 50 50 50 50 50 50 43 50 50 50 50 41 41 43 50 26 50 50 50 50 50 50 50 50 50 50 50 20 50 50 50 50 50 50 50 24 50 50 50 50 50 50 50 45 50 50 50 50 50 50 50 50 50 0 18 42 50 50 46 50 50 50 50 50 50 50 50 50 50 50 50 50 50 50 50 50 40 50 50 30 50 50 50 24 50 50 50 50 50 50 50 50 50 50 39 50 50 50 49 50 50 50 45 50 50 50 50 50 50 50 50 50]
  [50 50 46 40 50 50 50 50 50 50 50 50 50 44 50 50 50 50 50 36 50 50 50 50 50 50 50 50 19 50 50 50 50 50 50 50 50 50 50 50 50 50 50 50 36 50 50 50 50 50 40 50 50 43 50 50 50 50 50 50 50 50 50 49 50 34 50 50 50 50 50 50 50 36 50 50 50 50 50 50 50 50 37 50 50 50 50 50 50 42 50 18 0 50 50 50 50 50 50 50 50 50 50 50 50 50 50 50 50 50 50 50 50 50 26 50 50 22 50 50 35 42 50 50 50 50 50 50 50 50 50 50 50 50 50 50 47 50 50 40 40 50 50 50 50 50 50 50 50 50]
  [37 19 50 50 50 44 50 50 50 50 50 50 50 50 50 19 48 50 50 50 45 50 50 50 50 22 50 50 50 50 50 50 50 50 50 50 50 50 48 50 50 50 50 41 50 50 50 50 50 25 50 50 50 16 50 15 43 41 50 50 50 50 50 50 50 27 47 50 50 35 50 25 50 29 50 50 50 50 50 50 50 46 50 50 50 50 50 50 50 50 50 42 50 0 50 50 34 50 35 50 50 50 50 50 50 50 50 50 50 50 50 50 50 50 50 50 50 50 46 50 50 18 50 50 50 42 50 50 50 50 50 50 16 50 50 50 50 50 50 50 50 50 37 50 50 50 50 50 50 50]
  [50 50 50 50 50 47 48 50 50 50 50 50 50 50 50 50 50 50 50 50 50 50 50 50 50 50 50 50 50 50 50 50 50 50 50 50 50 6 50 50 50 50 50 50 50 25 31 50 50 50 50 50 50 50 50 50 50 49 50 50 50 50 50 50 50 50 50 50 50 50 18 50 37 50 50 50 50 50 50 50 50 50 50 50 50 39 50 31 49 50 9 50 50 50 0 50 50 50 50 50 17 25 38 50 50 50 50 50 32 50 50 50 50 50 50 50 18 50 43 50 50 50 50 50 50 50 50 50 50 50 50 50 50 50 50 46 50 50 25 50 50 50 50 50 50 50 50 28 27 13]
  [50 50 50 50 34 50 50 28 50 30 50 50 50 50 50 50 50 50 50 50 50 28 43 17 50 50 50 37 50 50 50 50 50 47 50 42 50 50 50 47 29 18 50 50 50 50 50 50 34 50 50 50 50 50 50 50 50 50 50 50 50 50 50 50 50 50 50 50 50 50 50 50 50 50 42 50 50 50 33 50 28 50 50 50 50 50 50 50 50 50 50 50 50 50 50 0 50 50 50 31 50 50 50 35 50 45 46 39 50 50 50 50 50 50 50 50 50 50 50 50 50 50 50 50 23 50 50 50 50 50 50 22 50 37 24 50 50 50 50 50 50 50 50 50 50 14 33 50 50 50]
  [3 50 50 50 28 28 50 50 50 50 50 50 50 50 50 46 50 50 50 50 50 42 50 50 50 49 50 50 50 50 50 50 50 50 50 50 42 50 50 50 50 50 50 7 50 50 50 50 50 50 50 50 50 35 50 49 50 27 50 50 50 50 50 50 50 27 50 50 50 50 50 40 50 22 50 50 50 50 50 50 46 15 50 50 50 50 50 50 50 50 50 46 50 34 50 50 0 50 50 31 50 48 50 50 50 39 50 50 50 50 50 50 50 50 50 50 50 44 48 50 50 36 50 50 50 50 50 50 50 50 50 50 47 50 50 50 50 50 50 50 50 50 50 50 50 50 50 45 46 50]
  [50 50 50 50 50 50 50 50 34 50 22 50 50 27 50 50 50 50 50 25 50 50 50 50 50 50 49 50 50 10 50 22 31 41 50 46 46 50 50 50 50 50 50 50 50 50 50 50 50 50 50 50 38 50 50 50 50 50 23 22 35 50 50 48 28 50 50 31 40 50 50 50 50 50 50 50 50 50 50 50 50 50 50 50 50 50 50 50 50 50 50 50 50 50 50 50 50 0 50 50 50 50 50 50 49 50 50 50 50 50 27 41 33 50 33 50 50 46 50 41 32 50 50 34 50 50 50 50 50 50 50 50 50 50 50 50 50 50 50 38 50 50 50 17 50 50 50 50 50 50]
  [50 20 50 50 50 50 50 50 50 50 50 50 50 50 50 26 49 50 23 50 36 50 50 50 23 25 50 50 50 50 31 50 50 50 50 50 50 50 39 50 50 50 50 50 50 50 50 32 50 27 50 50 50 44 50 19 15 50 50 50 50 32 50 50 50 50 20 50 50 14 50 40 50 50 50 40 50 50 50 43 50 50 50 50 35 50 32 50 50 50 50 50 50 35 50 50 50 50 0 50 50 50 50 50 50 50 50 50 50 50 50 50 50 50 50 35 50 50 50 50 50 45 50 50 50 17 50 50 34 48 50 50 29 50 50 50 50 50 50 50 50 50 11 50 50 50 50 50 50 50]
  [29 50 50 50 5 33 50 47 50 39 50 50 50 50 50 50 50 50 50 50 50 23 50 33 50 50 50 50 50 50 50 50 50 50 50 45 40 50 50 50 50 47 50 25 50 50 50 50 45 50 50 50 50 50 50 50 50 35 50 50 50 50 50 50 50 50 50 50 50 50 50 50 50 50 50 50 50 50 46 50 26 29 50 50 50 50 50 50 50 50 50 50 50 50 50 31 31 50 50 0 50 41 50 50 50 34 50 50 50 50 50 50 50 50 50 50 50 50 50 50 50 50 50 50 41 50 50 50 50 50 50 50 50 50 50 50 50 50 50 50 50 50 50 50 50 43 50 36 40 50]
  [50 50 50 50 50 50 50 50 50 50 50 50 50 50 50 50 50 50 50 50 50 50 50 50 50 50 50 50 50 50 50 50 50 50 50 50 50 12 50 50 50 50 50 50 50 41 37 50 50 50 50 50 50 50 50 50 50 50 50 50 50 50 50 50 50 50 50 50 50 50 13 50 50 50 50 50 46 50 50 50 50 50 50 50 50 30 50 15 50 50 16 50 50 50 17 50 50 50 50 50 0 39 31 50 50 50 42 50 39 50 50 50 50 50 50 50 2 50 50 50 50 50 50 50 50 50 50 50 50 50 50 50 50 47 50 50 50 50 30 50 50 50 50 50 50 50 50 41 41 6]
  [49 50 50 50 44 22 50 50 50 50 50 50 50 50 50 50 50 50 50 50 50 50 50 50 50 50 50 50 50 50 50 50 50 50 50 50 50 28 50 50 50 50 50 47 50 24 50 50 50 50 50 50 50 50 50 50 50 24 50 50 50 50 50 50 50 50 50 50 50 50 32 45 44 50 50 50 50 50 50 50 50 50 50 50 50 46 50 50 50 50 24 50 50 50 25 50 48 50 50 41 39 0 50 50 50 50 50 50 49 50 50 50 50 50 50 50 41 50 28 50 50 50 50 50 50 50 50 50 50 50 50 50 50 50 50 38 50 50 47 50 50 50 50 50 50 50 50 4 2 34]
  [50 50 50 50 50 50 50 50 50 50 50 50 50 50 50 50 50 50 50 50 50 50 50 50 50 50 50 50 50 50 50 50 50 50 50 50 50 38 50 50 50 50 50 50 50 50 27 50 50 50 50 50 50 50 50 50 50 50 50 50 50 50 50 50 50 50 50 50 50 50 44 50 50 50 50 50 14 50 50 50 50 50 50 50 50 50 50 26 50 50 44 50 50 50 38 50 50 50 50 50 31 50 0 50 50 50 50 50 31 50 50 50 50 50 50 50 31 50 50 50 50 50 50 50 50 50 50 50 50 50 50 50 50 50 50 50 50 50 23 50 50 50 50 50 50 50 50 50 50 36]
  [50 50 50 50 50 50 50 33 50 44 50 40 50 50 50 50 50 50 50 50 50 50 12 38 50 50 50 9 50 50 50 50 50 50 50 50 50 50 50 37 42 19 50 50 50 50 50 50 43 50 50 50 50 50 50 50 50 50 50 50 50 50 50 50 50 50 50 50 50 50 50 50 50 50 45 50 50 50 42 50 50 50 50 50 50 50 50 50 50 50 50 50 50 50 50 35 50 50 50 50 50 50 50 0 50 50 50 32 50 19 50 50 50 50 50 50 50 50 50 50 50 50 34 50 44 50 50 50 50 50 50 18 50 50 14 50 50 18 50 50 50 41 50 50 50 28 49 50 50 50]
  [50 50 50 50 50 50 50 42 35 46 50 24 50 50 50 50 50 50 50 50 50 50 50 50 50 50 1 50 50 50 50 41 50 39 50 42 50 50 50 24 50 50 50 50 50 50 50 50 40 50 50 50 26 50 50 50 50 50 50 32 17 50 50 50 50 50 50 29 17 50 50 50 50 50 30 50 50 50 39 50 50 50 50 50 50 50 50 50 50 50 50 50 50 50 50 50 50 49 50 50 50 50 50 50 0 50 50 50 50 50 50 12 50 15 50 50 50 50 50 26 50 50 49 50 50 50 50 50 50 50 50 50 50 50 50 50 50 50 50 50 50 48 50 32 50 50 50 50 50 50]
  [36 50 50 50 30 50 50 37 28 25 50 50 50 26 50 50 50 50 50 36 50 16 50 31 50 50 50 50 50 50 50 50 50 22 50 20 6 50 50 49 50 50 50 33 50 50 50 50 28 50 50 50 35 50 50 50 50 50 50 39 50 50 50 50 50 50 50 35 50 50 50 50 50 44 35 50 50 50 30 50 17 24 50 50 50 50 50 50 50 50 50 50 50 50 50 45 39 50 50 34 50 50 50 50 50 0 50 50 50 50 50 50 50 50 41 50 50 34 50 36 50 50 50 50 50 50 50 50 50 50 50 50 50 50 50 50 50 50 50 50 50 50 50 50 50 50 50 50 50 50]
  [50 50 50 50 50 50 50 50 50 50 50 50 50 50 50 50 50 50 50 50 50 50 50 50 50 50 50 50 50 50 50 50 50 50 50 50 50 44 50 50 20 50 50 50 50 50 50 50 50 50 50 50 50 50 50 50 50 50 50 50 50 50 50 50 50 50 50 50 50 50 32 50 50 50 50 50 50 50 50 50 50 50 50 50 50 11 50 45 50 50 42 50 50 50 50 46 50 50 50 50 42 50 50 50 50 50 0 35 50 50 50 50 50 50 50 50 41 50 50 50 50 50 50 50 23 50 50 50 50 50 50 50 50 9 50 50 50 50 50 50 50 50 50 50 50 37 14 50 50 40]
  [50 50 50 50 50 50 50 50 50 50 50 50 50 50 50 50 50 50 50 50 50 50 27 50 50 50 50 24 50 50 50 50 50 50 50 50 50 50 50 50 20 37 50 50 50 50 50 50 50 50 50 50 50 50 50 50 50 50 50 50 50 50 50 50 50 50 50 50 50 50 50 50 50 50 50 50 50 50 50 50 50 50 50 50 50 47 50 50 50 50 50 50 50 50 50 39 50 50 50 50 50 50 50 32 50 50 35 0 50 34 50 50 50 50 50 50 50 50 50 50 50 50 50 50 28 50 50 50 50 50 50 39 50 31 36 50 50 46 50 50 50 50 50 50 50 25 26 50 50 50]
  [50 50 50 50 50 50 30 50 50 50 50 50 50 50 50 50 50 50 50 50 50 50 50 50 50 50 50 50 50 50 50 50 50 50 50 50 50 36 50 50 50 50 50 50 50 29 4 50 50 50 50 50 50 50 50 50 50 50 50 50 50 50 50 50 50 50 50 50 50 50 48 50 20 50 50 50 37 50 50 50 50 50 50 50 50 50 50 46 33 50 40 50 50 50 32 50 50 50 50 50 39 49 31 50 50 50 50 50 0 50 50 50 50 50 50 50 40 50 49 50 50 50 50 50 50 50 50 50 50 50 50 50 50 50 50 41 50 50 11 50 50 50 50 50 50 50 50 50 50 40]
  [50 50 50 50 50 50 50 50 50 50 50 47 50 50 50 50 50 50 50 50 50 50 10 50 50 50 50 15 50 50 50 50 50 50 50 50 50 50 50 50 50 39 50 50 50 50 50 50 50 50 50 50 50 50 50 50 50 50 50 50 50 50 50 50 50 50 50 50 50 50 50 50 50 50 50 50 50 50 50 50 50 50 50 50 50 50 50 50 50 50 50 50 50 50 50 50 50 50 50 50 50 50 50 19 50 50 50 34 50 0 50 50 50 50 50 50 50 50 50 50 50 50 30 50 50 50 50 50 50 50 50 37 50 50 33 50 50 17 50 50 50 37 50 50 50 43 50 50 50 50]
  [50 50 50 50 50 50 50 50 50 50 17 50 50 50 50 50 50 50 50 47 50 50 50 50 50 50 50 50 50 18 50 25 22 50 42 50 50 50 50 50 50 50 31 50 50 50 50 50 50 50 50 50 50 50 42 50 50 50 11 48 49 50 50 38 21 50 50 50 50 50 50 50 50 50 50 50 50 50 50 50 50 50 50 50 50 50 50 50 50 50 50 50 50 50 50 50 50 27 50 50 50 50 50 50 50 50 50 50 50 50 0 50 11 50 50 50 50 50 50 50 36 50 50 24 50 50 50 50 50 50 50 50 50 50 50 50 50 50 50 35 50 50 50 39 50 50 50 50 50 50]
  [50 50 50 50 50 50 50 50 37 50 39 36 50 50 50 50 50 50 50 50 50 50 50 50 50 50 11 50 50 47 50 30 50 43 50 47 50 50 50 35 50 50 50 50 50 50 50 50 48 50 50 50 30 50 50 50 50 50 45 29 7 50 50 50 50 50 50 30 5 50 50 50 50 50 38 50 50 50 47 50 50 50 50 50 50 50 50 50 50 50 50 50 50 50 50 50 50 41 50 50 50 50 50 50 12 50 50 50 50 50 50 0 50 25 50 50 50 50 50 31 50 50 50 50 50 50 50 50 50 50 50 50 50 50 50 50 50 50 50 50 50 50 50 25 50 50 50 50 50 50]
  [50 50 39 50 50 50 50 50 50 50 27 50 50 50 48 50 50 50 50 47 50 50 50 50 50 50 50 50 50 23 50 36 14 50 33 50 50 50 50 50 50 50 22 50 50 50 50 50 50 50 50 50 50 50 32 50 50 50 22 50 50 50 50 27 14 50 50 50 50 50 50 50 50 50 50 50 50 50 50 50 50 50 43 50 50 50 50 50 50 50 50 50 50 50 50 50 50 33 50 50 50 50 50 50 50 50 50 50 50 50 11 50 0 50 49 50 50 50 50 50 30 50 50 15 50 50 50 48 50 50 50 50 50 50 50 50 50 50 50 27 50 50 50 47 50 50 50 50 50 50]
  [50 50 50 50 50 50 50 44 47 50 50 12 50 50 50 50 50 50 50 50 50 50 50 50 50 50 15 50 50 50 50 50 50 50 50 50 50 50 50 25 50 50 50 50 50 50 50 50 46 50 50 50 38 50 50 50 50 50 50 46 31 50 50 50 50 50 50 43 29 50 50 50 50 50 37 50 50 50 45 50 50 50 50 50 50 50 50 50 50 50 50 50 50 50 50 50 50 50 50 50 50 50 50 50 15 50 50 50 50 50 50 25 50 0 50 50 50 50 50 36 50 50 35 50 50 50 50 50 50 50 50 50 50 50 50 50 50 42 50 50 50 33 50 47 50 50 50 50 50 50]
  [50 50 48 50 50 50 50 50 44 50 50 50 50 21 50 50 50 50 50 11 50 50 50 50 50 50 50 50 43 36 50 50 37 46 50 50 35 50 50 50 50 50 50 50 50 50 50 50 50 50 50 50 50 50 50 50 50 50 50 42 50 50 50 44 35 48 50 46 50 50 50 50 50 46 50 50 50 50 50 50 50 47 41 50 50 50 50 50 50 50 50 40 26 50 50 50 50 33 50 50 50 50 50 50 50 41 50 50 50 50 50 50 49 50 0 50 50 16 50 50 22 50 50 38 50 50 50 50 50 50 50 50 50 50 50 50 50 50 50 32 50 50 50 45 50 50 50 50 50 50]
  [50 50 50 45 50 50 50 50 50 50 50 50 48 50 50 50 30 38 20 50 50 50 50 50 17 50 50 50 50 50 37 50 50 50 50 50 50 50 50 50 50 50 50 50 50 50 50 4 50 31 50 37 50 50 50 46 48 50 50 50 50 50 50 50 50 50 17 50 50 49 50 50 50 50 50 42 50 39 50 7 50 50 50 50 50 50 43 50 50 50 50 50 50 50 50 50 50 50 35 50 50 50 50 50 50 50 50 50 50 50 50 50 50 50 50 0 50 50 50 50 50 50 50 50 50 50 39 50 12 19 25 50 41 50 50 50 50 50 50 50 50 50 25 50 50 50 50 50 50 50]
  [50 50 50 50 50 50 50 50 50 50 50 50 50 50 50 50 50 50 50 50 50 50 50 50 50 50 50 50 50 50 50 50 50 50 50 50 50 14 50 50 50 50 50 50 50 43 38 50 50 50 50 50 50 50 50 50 50 50 50 50 50 50 50 50 50 50 50 50 50 50 14 50 50 50 50 50 45 50 50 50 50 50 50 50 50 30 50 13 50 50 17 50 50 50 18 50 50 50 50 50 2 41 31 50 50 50 41 50 40 50 50 50 50 50 50 50 0 50 50 50 50 50 50 50 50 50 50 50 50 50 50 50 50 47 50 50 50 50 30 50 50 50 50 50 50 50 50 43 43 7]
  [42 50 50 50 50 50 50 50 46 50 50 50 50 25 50 50 50 50 50 21 50 50 50 50 50 50 50 50 41 50 50 50 50 46 50 48 29 50 50 50 50 50 50 44 50 50 50 50 50 50 50 50 50 47 50 50 50 50 50 49 50 50 50 50 50 33 50 50 50 50 50 50 50 31 50 50 50 50 50 50 50 33 50 50 50 50 50 50 50 50 50 30 22 50 50 50 44 46 50 50 50 50 50 50 50 34 50 50 50 50 50 50 50 50 16 50 50 0 50 50 37 47 50 50 50 50 50 50 50 50 50 50 50 50 50 50 50 50 50 46 50 50 50 50 50 50 50 50 50 50]
  [50 41 50 50 50 25 34 50 50 50 50 50 50 50 50 35 50 50 50 50 31 50 50 50 50 34 50 50 50 50 50 50 50 50 50 50 50 48 32 50 50 50 50 50 50 22 50 50 50 50 50 50 50 50 50 47 50 23 50 50 50 50 50 50 50 50 50 50 50 47 50 22 34 50 50 50 50 50 50 50 50 50 50 50 46 50 50 50 31 50 46 50 50 46 43 50 48 50 50 50 50 28 50 50 50 50 50 50 49 50 50 50 50 50 50 50 50 50 0 50 50 50 50 50 50 50 50 50 50 50 50 50 50 50 50 15 50 50 50 50 50 50 50 50 50 50 50 30 26 50]
  [50 50 50 50 50 50 50 25 11 24 50 38 50 34 50 50 50 50 50 45 50 38 50 35 50 50 27 50 50 50 50 46 50 14 50 17 34 50 50 20 50 43 50 50 50 50 50 50 18 50 50 50 3 50 50 50 50 50 50 18 30 50 50 50 50 50 50 10 34 50 50 50 50 50 10 50 50 50 18 50 34 50 50 50 50 50 50 50 50 50 50 50 50 50 50 50 50 41 50 50 50 50 50 50 26 36 50 50 50 50 50 31 50 36 50 50 50 50 50 0 50 50 50 50 50 50 50 50 50 50 50 42 50 50 45 50 50 50 50 50 50 50 50 28 50 50 50 50 50 50]
  [50 50 28 50 50 50 50 50 50 50 45 50 50 38 50 50 50 50 50 27 50 50 50 50 50 50 50 50 44 29 50 50 17 50 49 50 50 50 50 50 50 50 43 50 48 50 50 50 50 50 50 50 50 50 44 50 50 50 42 50 50 50 50 22 16 50 50 50 50 50 50 50 50 50 50 50 50 50 50 50 50 50 24 43 50 50 50 50 50 38 50 50 35 50 50 50 50 32 50 50 50 50 50 50 50 50 50 50 50 50 36 50 30 50 22 50 50 37 50 50 0 50 50 17 50 50 50 40 50 50 50 50 50 50 50 50 50 50 50 9 50 50 50 49 48 50 50 50 50 50]
  [38 35 50 40 50 50 50 50 50 50 50 50 50 50 50 36 38 50 50 50 50 50 50 50 50 39 50 50 45 50 50 50 50 50 50 50 50 50 50 50 50 50 50 43 50 50 50 50 50 23 50 46 50 2 50 29 50 50 50 50 50 50 50 50 50 15 50 50 50 49 50 43 50 20 50 50 50 50 50 50 50 43 50 50 50 50 50 50 50 50 50 24 42 18 50 50 36 50 45 50 50 50 50 50 50 50 50 50 50 50 50 50 50 50 50 50 50 47 50 50 50 0 50 50 50 50 50 50 50 49 50 50 16 50 50 50 50 50 50 50 50 50 43 50 50 50 50 50 50 50]
  [50 50 50 50 50 50 50 50 50 50 50 25 50 50 50 50 50 50 50 50 50 50 35 50 50 50 50 38 50 50 50 50 50 50 50 50 50 50 50 41 50 49 50 50 50 50 50 50 50 50 50 50 50 50 50 50 50 50 50 50 50 50 50 50 50 50 50 50 50 50 50 50 50 50 50 50 50 50 50 50 50 50 50 50 50 50 50 50 50 50 50 50 50 50 50 50 50 50 50 50 50 50 50 34 49 50 50 50 50 30 50 50 50 35 50 50 50 50 50 50 50 50 0 50 50 50 50 50 50 50 50 46 50 50 44 50 50 16 50 50 50 7 50 50 50 50 50 50 50 50]
  [50 50 27 50 50 50 50 50 50 50 38 50 50 50 43 50 50 50 50 40 50 50 50 50 50 50 50 50 50 26 50 45 3 50 34 50 50 50 50 50 50 50 27 50 50 50 50 50 50 50 50 50 50 50 31 50 50 50 33 50 50 50 50 15 6 50 50 50 50 50 50 50 50 50 50 50 50 50 50 50 50 50 28 40 50 50 50 50 50 42 50 50 50 50 50 50 50 34 50 50 50 50 50 50 50 50 50 50 50 50 24 50 15 50 38 50 50 50 50 50 17 50 50 0 50 50 50 37 50 50 50 50 50 50 50 50 50 50 50 12 50 50 50 50 46 50 50 50 50 50]
  [50 50 50 50 46 50 50 50 50 50 50 50 50 50 50 50 50 50 50 50 50 49 47 40 50 50 50 42 50 50 50 50 50 50 50 50 50 50 50 50 10 35 50 50 50 50 50 50 50 50 50 50 50 50 50 50 50 50 50 50 50 50 50 50 50 50 50 50 50 50 45 50 50 50 50 50 50 50 50 50 49 50 50 50 50 29 50 50 50 50 50 50 50 50 50 23 50 50 50 41 50 50 50 44 50 50 23 28 50 50 50 50 50 50 50 50 50 50 50 50 50 50 50 50 0 50 50 50 50 50 50 38 50 14 38 50 50 50 50 50 50 50 50 50 50 16 10 50 50 50]
  [50 23 50 50 50 50 50 50 50 50 50 50 50 50 50 26 50 50 35 50 22 50 50 50 36 23 50 50 50 50 34 50 50 50 50 50 50 50 24 50 50 50 50 50 50 50 50 48 50 43 50 50 50 50 50 28 4 50 50 50 50 15 50 50 50 50 35 50 50 7 50 36 50 50 50 42 50 50 50 50 50 50 50 50 18 50 32 50 50 50 50 50 50 42 50 50 50 50 17 50 50 50 50 50 50 50 50 50 50 50 50 50 50 50 50 50 50 50 50 50 50 50 50 50 50 0 50 50 47 50 50 50 42 50 50 46 50 50 50 50 50 50 28 50 50 50 50 50 50 50]
  [50 50 50 50 50 50 50 50 50 50 50 50 9 50 50 50 50 50 36 50 50 50 50 50 37 50 50 50 50 50 33 50 50 50 50 50 50 50 50 50 50 50 50 50 50 50 50 41 50 50 50 50 50 50 50 50 50 50 50 50 50 50 50 50 50 50 42 50 50 50 50 50 50 50 50 29 50 7 50 39 50 50 50 50 50 50 39 50 50 50 50 50 50 50 50 50 50 50 50 50 50 50 50 50 50 50 50 50 50 50 50 50 50 50 50 39 50 50 50 50 50 50 50 50 50 50 0 50 29 50 25 50 50 50 50 50 50 50 50 50 50 50 50 50 50 50 50 50 50 50]
  [50 50 12 50 50 50 50 50 50 50 50 50 50 50 20 50 50 50 50 50 50 50 50 50 50 50 50 50 48 50 50 50 40 50 34 50 50 50 50 50 50 50 39 50 35 50 50 50 50 50 47 50 50 50 29 50 50 50 50 50 50 50 50 22 42 50 50 50 50 50 50 50 50 50 50 50 50 50 50 50 50 50 19 3 50 50 50 50 50 15 50 50 50 50 50 50 50 50 50 50 50 50 50 50 50 50 50 50 50 50 50 50 48 50 50 50 50 50 50 50 40 50 50 37 50 50 50 0 50 50 50 50 50 50 50 50 46 50 50 32 38 50 50 50 9 50 50 50 50 50]
  [50 50 50 50 50 50 50 50 50 50 50 50 38 50 50 50 42 49 12 50 50 50 50 50 11 50 50 50 50 50 26 50 50 50 50 50 50 50 50 50 50 50 50 50 50 50 50 13 50 39 50 49 50 50 50 49 43 50 50 50 50 50 50 50 50 50 15 50 50 47 50 50 50 50 50 30 50 30 50 17 50 50 50 50 50 50 33 50 50 50 50 50 50 50 50 50 50 50 34 50 50 50 50 50 50 50 50 50 50 50 50 50 50 50 50 12 50 50 50 50 50 50 50 50 50 47 29 50 0 31 24 50 48 50 50 50 50 50 50 50 50 50 25 50 50 50 50 50 50 50]
  [50 50 50 29 50 50 50 50 50 50 50 50 50 50 50 50 15 20 37 50 50 50 50 50 35 50 50 50 50 50 50 50 50 50 50 50 50 50 50 50 50 50 50 50 50 50 50 20 50 31 47 19 50 50 50 50 50 50 50 50 50 50 36 50 50 50 33 50 50 50 50 50 50 50 50 50 50 50 50 15 50 50 50 50 50 50 50 50 50 50 50 50 50 50 50 50 50 50 48 50 50 50 50 50 50 50 50 50 50 50 50 50 50 50 50 19 50 50 50 50 50 49 50 50 50 50 50 50 31 0 32 50 41 50 50 50 50 50 50 50 50 50 37 50 50 50 50 50 50 50]
  [50 50 50 50 50 50 50 50 50 50 50 50 32 50 50 50 47 42 36 50 50 50 50 50 35 50 50 50 50 50 46 50 50 50 50 50 50 50 50 50 50 50 50 50 50 50 50 29 50 50 50 49 50 50 50 50 50 50 50 50 50 50 50 50 50 50 38 50 50 50 50 50 50 50 50 46 50 22 50 21 50 50 50 50 50 50 50 50 50 50 50 50 50 50 50 50 50 50 50 50 50 50 50 50 50 50 50 50 50 50 50 50 50 50 50 25 50 50 50 50 50 50 50 50 50 50 25 50 24 32 0 50 50 50 50 50 50 50 50 50 50 50 48 50 50 50 50 50 50 50]
  [50 50 50 50 50 50 50 17 49 27 50 42 50 50 50 50 50 50 50 50 50 38 29 20 50 50 50 24 50 50 50 50 50 43 50 39 50 50 50 29 40 4 50 50 50 50 50 50 27 50 50 50 45 50 50 50 50 50 50 50 50 50 50 50 50 50 50 50 50 50 50 50 50 50 32 50 50 50 26 50 35 50 50 50 50 50 50 50 50 50 50 50 50 50 50 22 50 50 50 50 50 50 50 18 50 50 50 39 50 37 50 50 50 50 50 50 50 50 50 42 50 50 46 50 38 50 50 50 50 50 50 0 50 50 4 50 50 33 50 50 50 50 50 50 50 22 46 50 50 50]
  [50 23 50 42 50 50 50 50 50 50 50 50 50 50 50 27 34 50 42 50 50 50 50 50 40 30 50 50 50 50 50 50 50 50 50 50 50 50 50 50 50 50 50 50 50 50 50 37 50 10 50 44 50 16 50 16 42 50 50 50 50 50 50 50 50 31 35 50 50 35 50 38 50 36 50 50 50 50 50 45 50 50 50 50 50 50 50 50 50 50 50 39 50 16 50 50 47 50 29 50 50 50 50 50 50 50 50 50 50 50 50 50 50 50 50 41 50 50 50 50 50 16 50 50 50 42 50 50 48 41 50 50 0 50 50 50 50 50 50 50 50 50 27 50 50 50 50 50 50 50]
  [50 50 50 50 50 50 50 50 50 50 50 50 50 50 50 50 50 50 50 50 50 50 50 50 50 50 50 50 50 50 50 50 50 50 50 50 50 48 50 50 12 48 50 50 50 50 50 50 50 50 50 50 50 50 50 50 50 50 50 50 50 50 50 50 50 50 50 50 50 50 36 50 50 50 50 50 50 50 50 50 50 50 50 50 50 17 50 50 50 50 45 50 50 50 50 37 50 50 50 50 47 50 50 50 50 50 9 31 50 50 50 50 50 50 50 50 47 50 50 50 50 50 50 50 14 50 50 50 50 50 50 50 50 0 50 50 50 50 50 50 50 50 50 50 50 29 5 50 50 45]
  [50 50 50 50 50 50 50 21 50 31 50 41 50 50 50 50 50 50 50 50 50 41 25 24 50 50 50 20 50 50 50 50 50 47 50 42 50 50 50 31 40 6 50 50 50 50 50 50 31 50 50 50 48 50 50 50 50 50 50 50 50 50 50 50 50 50 50 50 50 50 50 50 50 50 35 50 50 50 30 50 38 50 50 50 50 50 50 50 50 50 50 50 50 50 50 24 50 50 50 50 50 50 50 14 50 50 50 36 50 33 50 50 50 50 50 50 50 50 50 45 50 50 44 50 38 50 50 50 50 50 50 4 50 50 0 50 50 29 50 50 50 50 50 50 50 22 46 50 50 50]
  [50 45 50 50 50 40 20 50 50 50 50 50 50 50 50 40 50 50 50 50 25 50 50 50 50 38 50 50 50 50 50 50 50 50 50 50 50 50 24 50 50 50 50 50 50 21 45 50 50 50 50 50 50 50 50 50 50 38 50 50 50 44 50 50 50 50 50 50 50 45 50 30 23 50 50 50 50 50 50 50 50 50 50 50 38 50 50 50 17 50 50 50 50 50 46 50 50 50 50 50 50 38 50 50 50 50 50 50 41 50 50 50 50 50 50 50 50 50 15 50 50 50 50 50 50 46 50 50 50 50 50 50 50 50 50 0 50 50 48 50 50 50 50 50 50 50 50 42 37 50]
  [50 50 49 29 50 50 50 50 50 50 50 50 50 50 50 50 43 35 50 50 50 50 50 50 50 50 50 50 28 50 50 50 50 50 50 50 50 50 50 50 50 50 50 50 15 50 50 50 50 50 8 32 50 50 50 50 50 50 50 50 50 50 16 50 50 50 50 50 50 50 50 50 50 50 50 50 50 50 50 50 50 50 44 44 50 50 50 50 50 33 50 49 47 50 50 50 50 50 50 50 50 50 50 50 50 50 50 50 50 50 50 50 50 50 50 50 50 50 50 50 50 50 50 50 50 50 50 46 50 50 50 50 50 50 50 50 0 50 50 50 10 50 50 50 40 50 50 50 50 50]
  [50 50 50 50 50 50 50 43 50 50 50 30 50 50 50 50 50 50 50 50 50 50 19 50 50 50 50 22 50 50 50 50 50 50 50 50 50 50 50 38 50 35 50 50 50 50 50 50 50 50 50 50 50 50 50 50 50 50 50 50 50 50 50 50 50 50 50 50 50 50 50 50 50 50 50 50 50 50 50 50 50 50 50 50 50 50 50 50 50 50 50 50 50 50 50 50 50 50 50 50 50 50 50 18 50 50 50 46 50 17 50 50 50 42 50 50 50 50 50 50 50 50 16 50 50 50 50 50 50 50 50 33 50 50 29 50 50 0 50 50 50 24 50 50 50 47 50 50 50 50]
  [50 50 50 50 50 50 39 50 50 50 50 50 50 50 50 50 50 50 50 50 50 50 50 50 50 50 50 50 50 50 50 50 50 50 50 50 50 29 50 50 50 50 50 50 50 31 8 50 50 50 50 50 50 50 50 50 50 50 50 50 50 50 50 50 50 50 50 50 50 50 39 50 28 50 50 50 32 50 50 50 50 50 50 50 50 50 50 35 42 50 33 50 50 50 25 50 50 50 50 50 30 47 23 50 50 50 50 50 11 50 50 50 50 50 50 50 30 50 50 50 50 50 50 50 50 50 50 50 50 50 50 50 50 50 50 48 50 50 0 50 50 50 50 50 50 50 50 50 48 31]
  [50 50 20 50 50 50 50 50 50 50 47 50 50 48 43 50 50 50 50 36 50 50 50 50 50 50 50 50 46 33 50 50 14 50 40 50 50 50 50 50 50 50 36 50 46 50 50 50 50 50 50 50 50 50 36 50 50 50 43 50 50 50 50 12 15 50 50 50 50 50 50 50 50 50 50 50 50 50 50 50 50 50 18 35 50 50 50 50 50 32 50 50 40 50 50 50 50 38 50 50 50 50 50 50 50 50 50 50 50 50 35 50 27 50 32 50 50 46 50 50 9 50 50 12 50 50 50 32 50 50 50 50 50 50 50 50 50 50 50 0 50 50 50 50 40 50 50 50 50 50]
  [50 50 40 32 50 50 50 50 50 50 50 50 50 50 50 50 47 43 50 50 50 50 50 50 50 50 50 50 23 50 50 50 50 50 50 50 50 50 50 50 50 50 50 50 6 50 50 50 50 50 10 38 50 50 50 50 50 50 50 50 50 50 25 50 50 50 50 50 50 50 50 50 50 50 50 50 50 50 50 50 50 50 34 37 50 50 50 50 50 24 50 45 40 50 50 50 50 50 50 50 50 50 50 50 50 50 50 50 50 50 50 50 50 50 50 50 50 50 50 50 50 50 50 50 50 50 50 38 50 50 50 50 50 50 50 50 10 50 50 50 0 50 50 50 34 50 50 50 50 50]
  [50 50 50 50 50 50 50 50 50 50 50 25 50 50 50 50 50 50 50 50 50 50 42 50 50 50 48 46 50 50 50 50 50 50 50 50 50 50 50 44 50 50 50 50 50 50 50 50 50 50 50 50 50 50 50 50 50 50 50 50 50 50 50 50 50 50 50 50 50 50 50 50 50 50 50 50 50 50 50 50 50 50 50 50 50 50 50 50 50 50 50 50 50 50 50 50 50 50 50 50 50 50 50 41 48 50 50 50 50 37 50 50 50 33 50 50 50 50 50 50 50 50 7 50 50 50 50 50 50 50 50 50 50 50 50 50 50 24 50 50 50 0 50 50 50 50 50 50 50 50]
  [50 27 50 50 50 50 50 50 50 50 50 50 50 50 50 33 40 50 16 50 47 50 50 50 15 33 50 50 50 50 31 50 50 50 50 50 50 50 49 50 50 50 50 50 50 50 50 21 50 22 50 50 50 43 50 24 25 50 50 50 50 41 50 50 50 50 11 50 50 25 50 48 50 50 50 39 50 50 50 32 50 50 50 50 45 50 34 50 50 50 50 50 50 37 50 50 50 50 11 50 50 50 50 50 50 50 50 50 50 50 50 50 50 50 50 25 50 50 50 50 50 43 50 50 50 28 50 50 25 37 48 50 27 50 50 50 50 50 50 50 50 50 0 50 50 50 50 50 50 50]
  [50 50 50 50 50 50 50 50 25 49 26 50 50 31 50 50 50 50 50 35 50 50 50 50 50 50 32 50 50 25 50 20 47 32 50 38 45 50 50 44 50 50 50 50 50 50 50 50 45 50 50 50 25 50 50 50 50 50 30 11 19 50 50 50 45 50 50 19 25 50 50 50 50 50 38 50 50 50 45 50 50 50 50 50 50 50 50 50 50 50 50 50 50 50 50 50 50 17 50 50 50 50 50 50 32 50 50 50 50 50 39 25 47 47 45 50 50 50 50 28 49 50 50 50 50 50 50 50 50 50 50 50 50 50 50 50 50 50 50 50 50 50 50 0 50 50 50 50 50 50]
  [50 50 20 50 50 50 50 50 50 50 50 50 50 50 24 50 50 50 50 50 50 50 50 50 50 50 50 50 48 50 50 50 49 50 42 50 50 50 50 50 50 50 48 50 31 50 50 50 50 50 43 50 50 50 36 50 50 50 50 50 50 50 50 31 50 50 50 50 50 50 50 50 50 50 50 50 50 50 50 50 50 50 24 6 50 50 50 50 50 15 50 50 50 50 50 50 50 50 50 50 50 50 50 50 50 50 50 50 50 50 50 50 50 50 50 50 50 50 50 50 48 50 50 46 50 50 50 9 50 50 50 50 50 50 50 50 40 50 50 40 34 50 50 50 0 50 50 50 50 50]
  [50 50 50 50 47 50 50 36 50 41 50 50 50 50 50 50 50 50 50 50 50 43 33 29 50 50 50 28 50 50 50 50 50 50 50 50 50 50 50 50 18 19 50 50 50 50 50 50 44 50 50 50 50 50 50 50 50 50 50 50 50 50 50 50 50 50 50 50 50 50 50 50 50 50 50 50 50 50 43 50 41 50 50 50 50 45 50 50 50 50 50 50 50 50 50 14 50 50 50 43 50 50 50 28 50 50 37 25 50 43 50 50 50 50 50 50 50 50 50 50 50 50 50 50 16 50 50 50 50 50 50 22 50 29 22 50 50 47 50 50 50 50 50 50 50 0 24 50 50 50]
  [50 50 50 50 50 50 50 50 50 50 50 50 50 50 50 50 50 50 50 50 50 50 49 50 50 50 50 45 50 50 50 50 50 50 50 50 50 50 50 50 7 43 50 50 50 50 50 50 50 50 50 50 50 50 50 50 50 50 50 50 50 50 50 50 50 50 50 50 50 50 41 50 50 50 50 50 50 50 50 50 50 50 50 50 50 23 50 50 50 50 50 50 50 50 50 33 50 50 50 50 50 50 50 49 50 50 14 26 50 50 50 50 50 50 50 50 50 50 50 50 50 50 50 50 10 50 50 50 50 50 50 46 50 5 46 50 50 50 50 50 50 50 50 50 50 24 0 50 50 50]
  [46 50 50 50 39 20 50 50 50 50 50 50 50 50 50 50 50 50 50 50 50 50 50 50 50 50 50 50 50 50 50 50 50 50 50 50 50 30 50 50 50 50 50 44 50 28 50 50 50 50 50 50 50 50 50 50 50 23 50 50 50 50 50 50 50 50 50 50 50 50 33 46 48 50 50 50 50 50 50 50 50 50 50 50 50 45 50 50 50 50 25 50 50 50 28 50 45 50 50 36 41 4 50 50 50 50 50 50 50 50 50 50 50 50 50 50 43 50 30 50 50 50 50 50 50 50 50 50 50 50 50 50 50 50 50 42 50 50 50 50 50 50 50 50 50 50 50 0 5 35]
  [48 50 50 50 43 20 50 50 50 50 50 50 50 50 50 50 50 50 50 50 50 50 50 50 50 50 50 50 50 50 50 50 50 50 50 50 50 30 50 50 50 50 50 46 50 24 50 50 50 50 50 50 50 50 50 50 50 22 50 50 50 50 50 50 50 50 50 50 50 50 34 43 44 50 50 50 50 50 50 50 50 50 50 50 50 48 50 50 49 50 26 50 50 50 27 50 46 50 50 40 41 2 50 50 50 50 50 50 50 50 50 50 50 50 50 50 43 50 26 50 50 50 50 50 50 50 50 50 50 50 50 50 50 50 50 37 50 50 48 50 50 50 50 50 50 50 50 5 0 36]
  [50 50 50 50 50 50 50 50 50 50 50 50 50 50 50 50 50 50 50 50 50 50 50 50 50 50 50 50 50 50 50 50 50 50 50 50 50 7 50 50 50 50 50 50 50 37 38 50 50 50 50 50 50 50 50 50 50 50 50 50 50 50 50 50 50 50 50 50 50 50 9 50 49 50 50 50 50 50 50 50 50 50 50 50 50 29 50 21 50 50 10 50 50 50 13 50 50 50 50 50 6 34 36 50 50 50 40 50 40 50 50 50 50 50 50 50 7 50 50 50 50 50 50 50 50 50 50 50 50 50 50 50 50 45 50 50 50 50 31 50 50 50 50 50 50 50 50 35 36 0]
];